明文: wetter
共获得密钥个数: 4
(mid_key, quick_key), stecker_key
(20, 20), [ 0, 1, 2, 3, 24, 22, 6, 15, 8, 17, 10, 11, 12, 13, 14, 7, 16, 9, 18, 25, 20, 21, 5, 23, 4, 19 ]
加密结果: etrwpe
(16, 12), [ 0, 1, 17, 3, 24, 15, 6, 7, 8, 9, 10, 11, 12, 22, 14, 5, 16, 2, 18, 20, 19, 21, 13, 23, 4, 25 ]
加密结果: etrwpe
(7, 9), [ 0, 19, 2, 3, 25, 5, 22, 7, 8, 9, 10, 11, 12, 13, 14, 21, 16, 20, 18, 1, 17, 15, 6, 23, 24, 4 ]
加密结果: etrwpe
(1, 25), [ 0, 1, 2, 17, 11, 5, 6, 22, 8, 19, 15, 4, 12, 13, 14, 10, 16, 3, 18, 9, 20, 21, 7, 23, 24, 25 ]
加密结果: etrwpe
