25 24
25 20
25 19
25 18
25 17
25 15
25 13
25 12
25 10
25 7
25 6
25 5
25 4
25 2
25 1
24 23
24 21
24 20
24 19
24 18
24 16
24 14
24 13
24 12
24 10
24 8
24 7
24 6
24 4
24 3
24 2
24 1
23 24
23 23
23 22
23 21
23 20
23 19
23 17
23 16
23 14
23 13
23 11
23 10
23 9
23 5
23 4
23 3
23 1
22 25
22 23
22 22
22 18
22 17
22 16
22 10
22 9
22 7
22 6
22 4
22 3
22 1
21 25
21 24
21 23
21 22
21 20
21 16
21 15
21 14
21 12
21 9
21 8
21 6
21 5
21 4
21 3
21 2
21 1
20 25
20 24
20 23
20 20
20 19
20 18
20 17
20 14
20 13
20 11
20 9
20 7
20 6
20 5
20 4
19 23
19 21
19 19
19 15
19 14
19 13
19 12
19 11
19 10
19 8
19 7
19 6
19 4
19 3
19 2
19 1
18 24
18 23
18 22
18 21
18 19
18 18
18 17
18 16
18 15
18 13
18 12
18 10
18 8
18 7
18 6
18 4
18 3
18 2
17 24
17 21
17 20
17 19
17 17
17 16
17 14
17 13
17 12
17 11
17 10
17 8
17 7
17 4
17 2
17 1
16 22
16 21
16 19
16 18
16 17
16 16
16 15
16 14
16 13
16 12
16 11
16 10
16 9
16 8
16 7
16 6
16 5
16 4
16 3
16 2
16 1
15 25
15 24
15 20
15 19
15 18
15 16
15 15
15 13
15 9
15 8
15 6
15 5
15 4
15 2
15 1
14 24
14 21
14 20
14 19
14 17
14 15
14 14
14 12
14 10
14 9
14 6
14 5
14 3
14 2
14 1
13 25
13 23
13 22
13 21
13 20
13 13
13 12
13 11
13 9
13 8
13 7
13 4
13 2
13 1
12 22
12 21
12 19
12 17
12 16
12 15
12 12
12 11
12 7
12 4
12 2
11 23
11 22
11 20
11 19
11 18
11 15
11 14
11 12
11 11
11 10
11 9
11 6
11 5
11 3
11 2
11 1
10 25
10 23
10 21
10 19
10 18
10 17
10 16
10 12
10 11
10 10
10 8
10 6
10 5
10 4
10 3
10 1
9 25
9 22
9 21
9 20
9 19
9 18
9 15
9 14
9 13
9 12
9 9
9 8
9 2
9 1
8 24
8 23
8 22
8 21
8 20
8 19
8 17
8 16
8 15
8 14
8 13
8 11
8 10
8 8
8 7
8 6
8 5
8 4
7 23
7 18
7 16
7 15
7 14
7 12
7 11
7 9
7 6
7 5
7 3
6 25
6 23
6 21
6 20
6 19
6 18
6 16
6 15
6 13
6 12
6 11
6 10
6 9
6 8
6 7
6 5
6 4
6 1
5 25
5 23
5 22
5 21
5 17
5 15
5 14
5 13
5 12
5 11
5 10
5 9
5 7
5 6
5 5
5 4
5 3
5 1
4 23
4 22
4 17
4 16
4 15
4 14
4 9
3 25
3 23
3 20
3 18
3 16
3 15
3 14
3 12
3 9
3 8
3 7
3 6
2 22
2 20
2 18
2 16
2 15
2 14
2 13
2 12
2 10
2 7
2 4
2 3
2 2
2 1
1 25
1 22
1 20
1 19
1 18
1 16
1 15
1 14
1 13
1 11
1 10
1 9
1 8
1 7
1 6
1 2
1 1
0 22
0 19
0 17
0 16
0 15
0 14
0 13
0 12
0 11
0 10
0 9
0 8
0 7
0 5
0 4
0 2
0 1
