----------initial_place=0----------
25 24
25 22
25 20
25 19
25 18
25 17
25 16
25 15
25 14
25 13
25 12
25 10
25 6
25 5
25 4
25 2
25 1
24 24
24 22
24 21
24 20
24 19
24 12
24 8
24 7
24 4
24 2
24 0
23 24
23 17
23 15
23 13
23 11
23 9
23 8
23 6
23 5
23 3
23 1
22 23
22 21
22 20
22 17
22 9
22 8
22 6
22 4
22 3
22 1
21 24
21 20
21 11
21 10
21 9
21 7
21 6
21 5
21 4
21 0
20 23
20 21
20 20
20 19
20 15
20 12
20 8
20 7
20 4
20 3
20 0
19 25
19 24
19 23
19 21
19 18
19 11
19 10
19 8
19 6
19 5
19 4
19 3
19 2
19 0
18 25
18 22
18 19
18 18
18 17
18 15
18 12
18 10
18 5
18 3
18 2
17 21
17 20
17 19
17 18
17 15
17 13
17 12
17 3
16 25
16 24
16 19
16 14
16 13
16 12
16 8
16 7
16 5
16 2
16 0
15 18
15 15
15 12
15 5
15 2
14 24
14 22
14 21
14 18
14 16
14 15
14 14
14 12
14 11
14 10
14 8
14 4
14 1
13 25
13 23
13 21
13 18
13 17
13 14
13 12
13 8
12 24
12 23
12 17
12 10
12 9
12 7
12 4
12 3
12 0
11 24
11 21
11 20
11 17
11 16
11 14
11 7
10 25
10 24
10 23
10 15
10 6
10 4
10 3
10 2
9 19
9 15
9 14
9 13
9 11
9 7
9 6
9 5
9 4
9 3
8 25
8 23
8 13
8 9
8 6
8 5
8 4
8 2
7 22
7 20
7 19
7 10
7 9
7 8
7 4
7 3
7 1
6 22
6 19
6 17
6 13
6 11
6 10
6 8
6 7
6 1
5 23
5 22
5 20
5 17
5 13
5 12
5 9
5 7
5 6
5 5
5 4
5 2
4 24
4 23
4 20
4 18
4 16
4 14
4 12
4 11
4 8
4 6
4 4
4 1
3 23
3 18
3 14
3 13
3 11
3 9
3 6
3 2
3 0
2 24
2 23
2 20
2 19
2 13
2 11
2 10
2 7
2 5
2 2
2 1
2 0
1 25
1 23
1 9
1 8
1 3
1 0
0 25
0 23
0 22
0 15
0 12
0 7
0 5
0 3
0 1
----------initial_place=1----------
25 24
25 22
25 20
25 19
25 18
25 17
25 16
25 15
25 14
25 13
25 12
25 10
25 6
25 5
25 4
25 1
25 0
24 24
24 22
24 21
24 20
24 19
24 12
24 8
24 7
24 4
24 3
24 2
23 24
23 17
23 15
23 13
23 11
23 9
23 8
23 6
23 5
23 3
23 2
23 0
22 23
22 21
22 20
22 17
22 9
22 8
22 6
22 4
22 2
21 24
21 20
21 11
21 10
21 9
21 7
21 6
21 5
21 4
21 1
20 23
20 21
20 20
20 19
20 15
20 12
20 8
20 7
20 4
20 0
19 25
19 24
19 23
19 21
19 18
19 11
19 10
19 8
19 6
19 5
19 4
19 2
19 1
18 25
18 22
18 19
18 18
18 17
18 15
18 12
18 10
18 5
18 1
17 21
17 20
17 19
17 18
17 15
17 13
17 12
17 5
17 3
17 0
16 25
16 24
16 19
16 14
16 13
16 12
16 8
16 7
16 5
16 3
16 2
15 18
15 15
15 12
15 5
15 3
15 1
14 24
14 22
14 21
14 18
14 16
14 15
14 14
14 12
14 11
14 10
14 8
14 4
14 2
14 1
13 25
13 23
13 21
13 18
13 17
13 14
13 12
13 8
12 24
12 23
12 17
12 10
12 9
12 7
12 4
12 3
11 24
11 21
11 20
11 17
11 16
11 14
11 7
11 1
11 0
10 25
10 24
10 23
10 15
10 6
10 4
10 1
9 19
9 15
9 14
9 13
9 11
9 7
9 6
9 4
9 3
8 25
8 23
8 13
8 9
8 6
8 4
8 3
8 2
7 22
7 20
7 19
7 10
7 9
7 8
7 5
7 4
6 22
6 19
6 17
6 13
6 11
6 10
6 8
6 7
6 1
5 23
5 22
5 20
5 17
5 13
5 12
5 9
5 7
5 6
5 4
5 2
5 0
4 24
4 23
4 20
4 18
4 16
4 14
4 12
4 11
4 8
4 6
4 4
3 23
3 18
3 14
3 13
3 11
3 9
3 6
3 2
3 1
3 0
2 24
2 23
2 20
2 19
2 13
2 11
2 10
2 7
2 5
2 2
2 0
1 25
1 23
1 9
1 8
1 5
1 3
1 0
0 25
0 23
0 22
0 15
0 12
0 7
0 5
0 1
0 0
----------initial_place=2----------
25 24
25 22
25 20
25 19
25 18
25 17
25 16
25 15
25 14
25 13
25 12
25 10
25 6
25 5
25 3
25 0
24 24
24 22
24 21
24 20
24 19
24 12
24 8
24 7
24 4
24 3
23 24
23 17
23 15
23 13
23 11
23 9
23 8
23 5
23 3
23 0
22 23
22 21
22 20
22 17
22 9
22 8
22 6
21 24
21 20
21 11
21 10
21 9
21 7
21 5
21 4
21 3
21 1
20 23
20 21
20 20
20 19
20 15
20 12
20 8
20 7
20 1
20 0
19 25
19 24
19 23
19 21
19 18
19 11
19 10
19 8
19 5
19 2
18 25
18 22
18 19
18 18
18 17
18 15
18 12
18 10
18 5
18 1
17 21
17 20
17 19
17 18
17 15
17 13
17 12
17 5
17 4
17 3
17 1
17 0
16 25
16 24
16 19
16 14
16 13
16 12
16 8
16 7
16 5
15 18
15 15
15 12
15 5
15 4
15 2
14 24
14 22
14 21
14 18
14 16
14 15
14 14
14 12
14 11
14 10
14 8
14 4
14 3
14 1
13 25
13 23
13 21
13 18
13 17
13 14
13 12
13 8
13 3
12 24
12 23
12 17
12 10
12 9
12 7
12 4
12 2
11 24
11 21
11 20
11 17
11 16
11 14
11 7
11 2
11 1
11 0
10 25
10 24
10 23
10 15
10 2
9 19
9 15
9 14
9 13
9 11
9 7
9 4
9 3
9 1
8 25
8 23
8 13
8 9
8 4
8 3
8 2
8 1
7 22
7 20
7 19
7 10
7 9
7 8
7 5
7 4
6 22
6 19
6 17
6 13
6 11
6 10
6 8
6 7
6 3
6 2
5 23
5 22
5 20
5 17
5 13
5 12
5 9
5 7
5 0
4 24
4 23
4 20
4 18
4 16
4 14
4 12
4 11
4 8
4 6
4 4
3 23
3 18
3 14
3 13
3 11
3 9
3 1
3 0
2 24
2 23
2 20
2 19
2 13
2 11
2 10
2 7
2 6
2 5
2 2
2 0
1 25
1 23
1 9
1 8
1 6
1 5
1 3
1 2
1 0
0 25
0 23
0 22
0 15
0 12
0 7
0 5
0 4
0 0
----------initial_place=3----------
25 24
25 22
25 20
25 19
25 18
25 17
25 16
25 15
25 14
25 13
25 12
25 10
25 6
25 5
25 0
24 24
24 22
24 21
24 20
24 19
24 12
24 8
24 4
24 2
23 24
23 17
23 15
23 13
23 11
23 9
23 8
23 7
23 2
23 0
22 23
22 21
22 20
22 17
22 9
22 8
22 7
22 6
21 24
21 20
21 11
21 10
21 9
21 4
21 2
21 1
20 23
20 21
20 20
20 19
20 15
20 12
20 8
20 7
20 1
20 0
19 25
19 24
19 23
19 21
19 18
19 11
19 10
19 8
19 5
18 25
18 22
18 19
18 18
18 17
18 15
18 12
18 10
18 2
18 1
17 21
17 20
17 19
17 18
17 15
17 13
17 12
17 7
17 5
17 3
17 1
17 0
16 25
16 24
16 19
16 14
16 13
16 12
16 8
16 7
16 4
16 3
15 18
15 15
15 12
15 7
15 5
15 4
14 24
14 22
14 21
14 18
14 16
14 15
14 14
14 12
14 11
14 10
14 8
14 5
14 4
14 3
14 2
14 1
13 25
13 23
13 21
13 18
13 17
13 14
13 12
13 8
12 24
12 23
12 17
12 10
12 9
12 7
12 3
11 24
11 21
11 20
11 17
11 16
11 14
11 7
11 2
11 1
11 0
10 25
10 24
10 23
10 15
10 3
10 2
9 19
9 15
9 14
9 13
9 11
9 7
9 4
9 1
8 25
8 23
8 13
8 9
8 4
8 3
8 1
7 22
7 20
7 19
7 10
7 9
7 8
7 5
7 2
6 22
6 19
6 17
6 13
6 11
6 10
6 8
6 7
6 3
5 23
5 22
5 20
5 17
5 13
5 12
5 9
5 7
5 2
5 0
4 24
4 23
4 20
4 18
4 16
4 14
4 12
4 11
4 8
4 7
4 6
4 4
3 23
3 18
3 14
3 13
3 11
3 9
3 1
3 0
2 24
2 23
2 20
2 19
2 13
2 11
2 10
2 7
2 6
2 5
2 3
2 0
1 25
1 23
1 9
1 8
1 6
1 5
1 0
0 25
0 23
0 22
0 15
0 12
0 5
0 3
0 2
0 0
----------initial_place=4----------
25 24
25 22
25 20
25 19
25 18
25 17
25 16
25 15
25 14
25 13
25 12
25 10
25 5
25 4
25 0
24 24
24 22
24 21
24 20
24 19
24 12
24 5
24 2
23 24
23 17
23 15
23 13
23 11
23 9
23 8
23 7
23 2
23 0
22 23
22 21
22 20
22 17
22 9
22 8
22 7
21 24
21 20
21 11
21 10
21 9
21 2
21 1
20 23
20 21
20 20
20 19
20 15
20 12
20 7
20 4
20 1
20 0
19 25
19 24
19 23
19 21
19 18
19 11
19 10
19 8
19 5
18 25
18 22
18 19
18 18
18 17
18 15
18 12
18 10
18 6
18 2
18 1
17 21
17 20
17 19
17 18
17 15
17 13
17 12
17 7
17 1
17 0
16 25
16 24
16 19
16 14
16 13
16 12
16 8
16 7
15 18
15 15
15 12
15 7
15 6
15 5
14 24
14 22
14 21
14 18
14 16
14 15
14 14
14 12
14 11
14 10
14 8
14 6
14 5
14 4
14 2
14 1
13 25
13 23
13 21
13 18
13 17
13 14
13 12
13 8
13 3
12 24
12 23
12 17
12 10
12 9
12 7
12 6
11 24
11 21
11 20
11 17
11 16
11 14
11 8
11 7
11 3
11 2
11 1
11 0
10 25
10 24
10 23
10 15
10 4
10 2
9 19
9 15
9 14
9 13
9 11
9 7
9 5
9 3
9 1
8 25
8 23
8 13
8 9
8 5
8 4
8 1
7 22
7 20
7 19
7 10
7 9
7 8
7 5
7 3
7 2
6 22
6 19
6 17
6 13
6 11
6 10
6 7
6 4
5 23
5 22
5 20
5 17
5 13
5 12
5 9
5 7
5 4
5 2
5 0
4 24
4 23
4 20
4 18
4 16
4 14
4 12
4 11
4 8
4 7
4 6
3 23
3 18
3 14
3 13
3 11
3 9
3 4
3 3
3 1
3 0
2 24
2 23
2 20
2 19
2 13
2 11
2 10
2 8
2 7
2 6
2 5
2 4
2 0
1 25
1 23
1 9
1 8
1 4
1 3
1 0
0 25
0 23
0 22
0 15
0 12
0 8
0 5
0 4
0 3
0 2
0 0
----------initial_place=5----------
25 24
25 22
25 20
25 19
25 18
25 17
25 16
25 15
25 14
25 13
25 12
25 10
25 4
25 0
24 24
24 22
24 21
24 20
24 19
24 12
24 6
24 5
24 4
24 2
23 24
23 17
23 15
23 13
23 11
23 9
23 8
23 7
23 6
23 2
23 0
22 23
22 21
22 20
22 17
22 9
22 8
22 4
21 24
21 20
21 11
21 10
21 9
21 2
21 1
20 23
20 21
20 20
20 19
20 15
20 12
20 1
20 0
19 25
19 24
19 23
19 21
19 18
19 11
19 10
19 8
19 5
19 4
18 25
18 22
18 19
18 18
18 17
18 15
18 12
18 10
18 2
18 1
17 21
17 20
17 19
17 18
17 15
17 13
17 12
17 6
17 1
17 0
16 25
16 24
16 19
16 14
16 13
16 12
16 9
16 8
16 7
16 5
15 18
15 15
15 12
15 7
15 5
14 24
14 22
14 21
14 18
14 16
14 15
14 14
14 12
14 11
14 10
14 8
14 6
14 5
14 2
14 1
13 25
13 23
13 21
13 18
13 17
13 14
13 12
13 8
13 4
13 3
12 24
12 23
12 17
12 10
12 9
12 7
12 6
12 5
11 24
11 21
11 20
11 17
11 16
11 14
11 8
11 7
11 6
11 3
11 2
11 1
11 0
10 25
10 24
10 23
10 15
10 6
10 5
10 2
9 19
9 15
9 14
9 13
9 11
9 7
9 5
9 4
9 3
9 1
8 25
8 23
8 13
8 9
8 6
8 4
8 1
7 22
7 20
7 19
7 10
7 8
7 4
7 3
7 2
6 22
6 19
6 17
6 13
6 11
6 10
6 7
6 5
5 23
5 22
5 20
5 17
5 13
5 12
5 9
5 4
5 2
5 0
4 24
4 23
4 20
4 18
4 16
4 14
4 12
4 11
4 8
4 7
4 6
4 4
3 23
3 18
3 14
3 13
3 11
3 9
3 7
3 5
3 3
3 1
3 0
2 24
2 23
2 20
2 19
2 13
2 11
2 10
2 8
2 7
2 0
1 25
1 23
1 9
1 8
1 4
1 3
1 0
0 25
0 23
0 22
0 15
0 12
0 9
0 8
0 3
0 2
0 0
----------initial_place=6----------
25 24
25 22
25 20
25 19
25 18
25 17
25 16
25 15
25 14
25 13
25 12
25 10
25 8
25 6
25 5
25 4
25 0
24 24
24 22
24 21
24 20
24 19
24 12
24 10
24 6
24 4
24 2
23 24
23 17
23 15
23 13
23 11
23 9
23 8
23 7
23 6
23 5
23 2
23 0
22 23
22 21
22 20
22 17
22 9
22 4
21 24
21 20
21 11
21 9
21 8
21 7
21 5
21 2
21 1
20 23
20 21
20 20
20 19
20 15
20 12
20 1
20 0
19 25
19 24
19 23
19 21
19 18
19 11
19 5
19 4
18 25
18 22
18 19
18 18
18 17
18 15
18 12
18 10
18 8
18 7
18 5
18 2
18 1
17 21
17 20
17 19
17 18
17 15
17 13
17 12
17 1
17 0
16 25
16 24
16 19
16 14
16 13
16 12
16 10
16 9
16 8
16 7
16 5
15 18
15 15
15 12
15 7
15 6
15 5
14 24
14 22
14 21
14 18
14 16
14 15
14 14
14 12
14 11
14 10
14 8
14 7
14 2
14 1
13 25
13 23
13 21
13 18
13 17
13 14
13 12
13 6
13 4
13 3
12 24
12 23
12 17
12 10
12 9
12 7
11 24
11 21
11 20
11 17
11 16
11 14
11 6
11 3
11 2
11 1
11 0
10 25
10 24
10 23
10 15
10 10
10 8
10 6
10 2
9 19
9 15
9 14
9 13
9 11
9 5
9 4
9 3
9 1
8 25
8 23
8 13
8 9
8 6
8 5
8 4
8 1
7 22
7 20
7 19
7 8
7 4
7 3
7 2
6 22
6 19
6 17
6 13
6 11
6 10
6 7
6 6
5 23
5 22
5 20
5 17
5 13
5 12
5 10
5 9
5 8
5 6
5 5
5 4
5 2
5 0
4 24
4 23
4 20
4 18
4 16
4 14
4 12
4 11
4 8
4 7
4 6
4 4
3 23
3 18
3 14
3 13
3 11
3 9
3 7
3 3
3 1
3 0
2 24
2 23
2 20
2 19
2 13
2 11
2 10
2 8
2 5
2 0
1 25
1 23
1 10
1 9
1 4
1 3
1 0
0 25
0 23
0 22
0 15
0 12
0 9
0 8
0 7
0 6
0 5
0 3
0 2
0 0
----------initial_place=7----------
25 24
25 22
25 20
25 19
25 18
25 17
25 16
25 15
25 14
25 13
25 12
25 10
25 7
25 6
25 5
25 4
25 0
24 24
24 22
24 21
24 20
24 19
24 12
24 10
24 4
24 2
23 24
23 17
23 15
23 13
23 9
23 8
23 6
23 5
23 2
23 0
22 23
22 21
22 20
22 17
22 9
22 7
22 6
22 4
21 24
21 20
21 11
21 8
21 7
21 6
21 5
21 2
21 1
20 23
20 21
20 20
20 19
20 15
20 12
20 11
20 9
20 8
20 7
20 1
20 0
19 25
19 24
19 23
19 21
19 18
19 7
19 6
19 5
19 4
18 25
18 22
18 19
18 18
18 17
18 15
18 12
18 11
18 10
18 9
18 8
18 5
18 2
18 1
17 21
17 20
17 19
17 18
17 15
17 13
17 12
17 8
17 1
17 0
16 25
16 24
16 19
16 14
16 13
16 12
16 11
16 10
16 5
15 18
15 15
15 12
15 7
15 5
14 24
14 22
14 21
14 18
14 16
14 15
14 14
14 12
14 11
14 10
14 8
14 2
14 1
13 25
13 23
13 21
13 18
13 17
13 14
13 12
13 7
13 4
13 3
12 24
12 23
12 17
12 10
12 9
12 8
11 24
11 21
11 20
11 17
11 16
11 14
11 3
11 2
11 1
11 0
10 25
10 24
10 23
10 15
10 10
10 7
10 6
10 2
9 19
9 15
9 14
9 13
9 6
9 5
9 4
9 3
9 1
8 25
8 23
8 13
8 9
8 6
8 5
8 4
8 1
7 22
7 20
7 19
7 8
7 7
7 4
7 3
7 2
6 22
6 19
6 17
6 13
6 10
6 7
5 23
5 22
5 20
5 17
5 13
5 12
5 11
5 10
5 8
5 6
5 5
5 4
5 2
5 0
4 24
4 23
4 20
4 18
4 16
4 14
4 12
4 8
4 7
4 6
4 4
3 23
3 18
3 14
3 13
3 11
3 7
3 6
3 3
3 1
3 0
2 24
2 23
2 20
2 19
2 13
2 11
2 10
2 9
2 8
2 5
2 0
1 25
1 23
1 10
1 9
1 7
1 4
1 3
1 0
0 25
0 23
0 22
0 15
0 12
0 11
0 9
0 8
0 7
0 5
0 3
0 2
0 0
----------initial_place=8----------
25 24
25 22
25 20
25 19
25 18
25 17
25 16
25 15
25 14
25 13
25 12
25 10
25 8
25 6
25 5
25 4
25 0
24 24
24 22
24 21
24 20
24 19
24 10
24 7
24 4
24 2
23 24
23 17
23 15
23 13
23 8
23 6
23 5
23 2
23 0
22 23
22 21
22 20
22 17
22 12
22 9
22 6
22 4
21 24
21 20
21 12
21 11
21 8
21 7
21 6
21 5
21 2
21 1
20 23
20 21
20 20
20 19
20 15
20 11
20 9
20 7
20 1
20 0
19 25
19 24
19 23
19 21
19 18
19 6
19 5
19 4
18 25
18 22
18 19
18 18
18 17
18 15
18 12
18 11
18 9
18 5
18 2
18 1
17 21
17 20
17 19
17 18
17 15
17 13
17 10
17 8
17 1
17 0
16 25
16 24
16 19
16 14
16 13
16 11
16 10
16 8
16 7
16 5
15 18
15 15
15 12
15 8
15 5
14 24
14 22
14 21
14 18
14 16
14 15
14 14
14 12
14 11
14 8
14 2
14 1
13 25
13 23
13 21
13 18
13 17
13 14
13 12
13 9
13 4
13 3
12 24
12 23
12 17
12 12
12 10
12 9
12 7
11 24
11 21
11 20
11 17
11 16
11 14
11 8
11 7
11 3
11 2
11 1
11 0
10 25
10 24
10 23
10 15
10 8
10 6
10 2
9 19
9 15
9 14
9 13
9 9
9 7
9 6
9 5
9 4
9 3
9 1
8 25
8 23
8 13
8 9
8 8
8 6
8 5
8 4
8 1
7 22
7 20
7 19
7 9
7 8
7 4
7 3
7 2
6 22
6 19
6 17
6 13
6 10
6 7
5 23
5 22
5 20
5 17
5 13
5 12
5 11
5 10
5 8
5 7
5 6
5 5
5 4
5 2
5 0
4 24
4 23
4 20
4 18
4 16
4 14
4 12
4 6
4 4
3 23
3 18
3 14
3 13
3 11
3 6
3 3
3 1
3 0
2 24
2 23
2 20
2 19
2 13
2 11
2 10
2 9
2 7
2 5
2 0
1 25
1 23
1 10
1 9
1 4
1 3
1 0
0 25
0 23
0 22
0 15
0 12
0 11
0 8
0 7
0 5
0 3
0 2
0 0
----------initial_place=9----------
25 24
25 22
25 20
25 19
25 18
25 17
25 16
25 15
25 14
25 13
25 12
25 11
25 10
25 6
25 5
25 4
25 0
24 24
24 22
24 21
24 20
24 19
24 13
24 8
24 7
24 4
24 2
23 24
23 17
23 15
23 13
23 10
23 8
23 6
23 5
23 2
23 0
22 23
22 21
22 20
22 17
22 12
22 11
22 8
22 6
22 4
21 24
21 20
21 12
21 7
21 6
21 5
21 2
21 1
20 23
20 21
20 20
20 19
20 15
20 11
20 9
20 8
20 7
20 1
20 0
19 25
19 24
19 23
19 21
19 18
19 8
19 6
19 5
19 4
18 25
18 22
18 19
18 18
18 17
18 15
18 12
18 5
18 2
18 1
17 21
17 20
17 19
17 18
17 15
17 13
17 11
17 10
17 1
17 0
16 25
16 24
16 19
16 14
16 11
16 10
16 8
16 7
16 5
15 18
15 15
15 12
15 11
15 5
14 24
14 22
14 21
14 18
14 16
14 15
14 14
14 13
14 12
14 9
14 8
14 2
14 1
13 25
13 23
13 21
13 18
13 17
13 14
13 12
13 11
13 10
13 9
13 8
13 4
13 3
12 24
12 23
12 17
12 13
12 12
12 11
12 10
12 7
11 24
11 21
11 20
11 17
11 16
11 14
11 11
11 7
11 3
11 2
11 1
11 0
10 25
10 24
10 23
10 15
10 13
10 6
10 2
9 19
9 15
9 14
9 9
9 7
9 6
9 5
9 4
9 3
9 1
8 25
8 23
8 6
8 5
8 4
8 1
7 22
7 20
7 19
7 11
7 10
7 8
7 4
7 3
7 2
6 22
6 19
6 17
6 13
6 9
6 8
6 7
5 23
5 22
5 20
5 17
5 12
5 11
5 10
5 7
5 6
5 5
5 4
5 2
5 0
4 24
4 23
4 20
4 18
4 16
4 14
4 12
4 8
4 6
4 4
3 23
3 18
3 14
3 13
3 6
3 3
3 1
3 0
2 24
2 23
2 20
2 19
2 13
2 11
2 7
2 5
2 0
1 25
1 23
1 8
1 4
1 3
1 0
0 25
0 23
0 22
0 15
0 12
0 10
0 7
0 5
0 3
0 2
0 0
----------initial_place=10----------
25 24
25 22
25 20
25 19
25 18
25 17
25 16
25 15
25 14
25 13
25 12
25 11
25 6
25 5
25 4
25 0
24 24
24 22
24 21
24 20
24 19
24 14
24 13
24 10
24 8
24 7
24 4
24 2
23 24
23 17
23 15
23 13
23 10
23 9
23 8
23 6
23 5
23 2
23 0
22 23
22 21
22 20
22 17
22 12
22 10
22 9
22 8
22 6
22 4
21 24
21 20
21 12
21 9
21 7
21 6
21 5
21 2
21 1
20 23
20 21
20 20
20 19
20 15
20 11
20 8
20 7
20 1
20 0
19 25
19 24
19 23
19 21
19 18
19 14
19 10
19 8
19 6
19 5
19 4
18 25
18 22
18 19
18 18
18 17
18 15
18 14
18 5
18 2
18 1
17 21
17 20
17 19
17 18
17 15
17 13
17 1
17 0
16 25
16 24
16 19
16 14
16 8
16 7
16 5
15 18
15 15
15 14
15 12
15 5
14 24
14 22
14 21
14 18
14 16
14 15
14 14
14 13
14 12
14 8
14 2
14 1
13 25
13 23
13 21
13 18
13 17
13 14
13 12
13 11
13 10
13 8
13 4
13 3
12 24
12 23
12 17
12 13
12 12
12 11
12 9
12 7
11 24
11 21
11 20
11 17
11 16
11 14
11 12
11 7
11 3
11 2
11 1
11 0
10 25
10 24
10 23
10 15
10 13
10 10
10 6
10 2
9 19
9 15
9 14
9 7
9 6
9 5
9 4
9 3
9 1
8 25
8 23
8 14
8 11
8 10
8 9
8 6
8 5
8 4
8 1
7 22
7 20
7 19
7 11
7 9
7 8
7 4
7 3
7 2
6 22
6 19
6 17
6 13
6 12
6 11
6 8
6 7
5 23
5 22
5 20
5 17
5 9
5 7
5 6
5 5
5 4
5 2
5 0
4 24
4 23
4 20
4 18
4 16
4 14
4 8
4 6
4 4
3 23
3 18
3 13
3 12
3 10
3 9
3 6
3 3
3 1
3 0
2 24
2 23
2 20
2 19
2 13
2 12
2 11
2 7
2 5
2 0
1 25
1 23
1 14
1 9
1 8
1 4
1 3
1 0
0 25
0 23
0 22
0 15
0 12
0 7
0 5
0 3
0 2
0 0
----------initial_place=11----------
25 24
25 22
25 20
25 19
25 18
25 17
25 16
25 14
25 10
25 6
25 5
25 4
25 0
24 24
24 22
24 21
24 20
24 19
24 15
24 14
24 13
24 11
24 8
24 7
24 4
24 2
23 24
23 17
23 15
23 11
23 9
23 8
23 6
23 5
23 2
23 0
22 23
22 21
22 20
22 17
22 11
22 9
22 8
22 6
22 4
21 24
21 20
21 12
21 10
21 9
21 7
21 6
21 5
21 2
21 1
20 23
20 21
20 20
20 19
20 15
20 8
20 7
20 1
20 0
19 25
19 24
19 23
19 21
19 18
19 14
19 12
19 10
19 8
19 6
19 5
19 4
18 25
18 22
18 19
18 18
18 17
18 14
18 10
18 5
18 2
18 1
17 21
17 20
17 19
17 18
17 15
17 13
17 12
17 1
17 0
16 25
16 24
16 19
16 14
16 12
16 11
16 8
16 7
16 5
15 18
15 14
15 13
15 5
14 24
14 22
14 21
14 18
14 16
14 15
14 14
14 13
14 12
14 11
14 10
14 8
14 2
14 1
13 25
13 23
13 21
13 18
13 17
13 15
13 14
13 12
13 11
13 8
13 4
13 3
12 24
12 23
12 17
12 12
12 11
12 10
12 9
12 7
11 24
11 21
11 20
11 17
11 16
11 14
11 13
11 12
11 7
11 3
11 2
11 1
11 0
10 25
10 24
10 23
10 15
10 11
10 6
10 2
9 19
9 15
9 14
9 11
9 7
9 6
9 5
9 4
9 3
9 1
8 25
8 23
8 14
8 9
8 6
8 5
8 4
8 1
7 22
7 20
7 19
7 11
7 10
7 9
7 8
7 4
7 3
7 2
6 22
6 19
6 17
6 15
6 13
6 12
6 10
6 8
6 7
5 23
5 22
5 20
5 17
5 9
5 7
5 6
5 5
5 4
5 2
5 0
4 24
4 23
4 20
4 18
4 16
4 14
4 8
4 6
4 4
3 23
3 18
3 12
3 11
3 9
3 6
3 3
3 1
3 0
2 24
2 23
2 20
2 19
2 13
2 12
2 10
2 7
2 5
2 0
1 25
1 23
1 14
1 9
1 8
1 4
1 3
1 0
0 25
0 23
0 22
0 13
0 7
0 5
0 3
0 2
0 0
----------initial_place=12----------
25 24
25 22
25 20
25 19
25 18
25 17
25 16
25 14
25 10
25 6
25 5
25 4
25 0
24 24
24 22
24 21
24 20
24 19
24 15
24 14
24 13
24 12
24 8
24 7
24 4
24 2
23 24
23 17
23 15
23 11
23 9
23 8
23 6
23 5
23 2
23 0
22 23
22 21
22 20
22 17
22 9
22 8
22 6
22 4
21 24
21 20
21 14
21 12
21 11
21 10
21 9
21 7
21 6
21 5
21 2
21 1
20 23
20 21
20 20
20 19
20 15
20 14
20 8
20 7
20 1
20 0
19 25
19 24
19 23
19 21
19 18
19 11
19 10
19 8
19 6
19 5
19 4
18 25
18 22
18 19
18 18
18 17
18 12
18 10
18 5
18 2
18 1
17 21
17 20
17 19
17 18
17 15
17 14
17 1
17 0
16 25
16 24
16 19
16 14
16 8
16 7
16 5
15 18
15 14
15 12
15 5
14 24
14 22
14 21
14 18
14 16
14 15
14 14
14 12
14 11
14 10
14 8
14 2
14 1
13 25
13 23
13 21
13 18
13 17
13 16
13 15
13 14
13 8
13 4
13 3
12 24
12 23
12 17
12 16
12 12
12 10
12 9
12 7
11 24
11 21
11 20
11 17
11 14
11 12
11 7
11 3
11 2
11 1
11 0
10 25
10 24
10 23
10 15
10 6
10 2
9 19
9 16
9 15
9 14
9 11
9 7
9 6
9 5
9 4
9 3
9 1
8 25
8 23
8 16
8 14
8 9
8 6
8 5
8 4
8 1
7 22
7 20
7 19
7 10
7 9
7 8
7 4
7 3
7 2
6 22
6 19
6 17
6 15
6 14
6 12
6 11
6 10
6 8
6 7
5 23
5 22
5 20
5 17
5 13
5 12
5 9
5 7
5 6
5 5
5 4
5 2
5 0
4 24
4 23
4 20
4 18
4 16
4 14
4 11
4 8
4 6
4 4
3 23
3 18
3 12
3 11
3 9
3 6
3 3
3 1
3 0
2 24
2 23
2 20
2 19
2 14
2 12
2 11
2 10
2 7
2 5
2 0
1 25
1 23
1 14
1 13
1 12
1 9
1 8
1 4
1 3
1 0
0 25
0 23
0 22
0 13
0 12
0 7
0 5
0 3
0 2
0 0
----------initial_place=13----------
25 24
25 22
25 20
25 19
25 18
25 16
25 12
25 10
25 6
25 5
25 4
25 0
24 24
24 22
24 21
24 20
24 19
24 15
24 14
24 13
24 12
24 8
24 7
24 4
24 2
23 24
23 17
23 13
23 11
23 9
23 8
23 6
23 5
23 2
23 0
22 23
22 21
22 20
22 17
22 14
22 9
22 8
22 6
22 4
21 24
21 20
21 13
21 11
21 10
21 9
21 7
21 6
21 5
21 2
21 1
20 23
20 21
20 20
20 19
20 15
20 14
20 12
20 8
20 7
20 1
20 0
19 25
19 24
19 23
19 21
19 18
19 17
19 11
19 10
19 8
19 6
19 5
19 4
18 25
18 22
18 19
18 18
18 17
18 12
18 10
18 5
18 2
18 1
17 21
17 20
17 19
17 18
17 17
17 14
17 12
17 1
17 0
16 25
16 24
16 19
16 14
16 12
16 8
16 7
16 5
15 18
15 12
15 5
14 24
14 22
14 21
14 18
14 17
14 16
14 15
14 14
14 13
14 12
14 11
14 10
14 8
14 2
14 1
13 25
13 23
13 21
13 18
13 16
13 14
13 12
13 8
13 4
13 3
12 24
12 23
12 17
12 16
12 15
12 14
12 13
12 10
12 9
12 7
11 24
11 21
11 20
11 17
11 15
11 14
11 7
11 3
11 2
11 1
11 0
10 25
10 24
10 23
10 15
10 13
10 6
10 2
9 19
9 16
9 15
9 14
9 11
9 7
9 6
9 5
9 4
9 3
9 1
8 25
8 23
8 16
8 14
8 9
8 6
8 5
8 4
8 1
7 22
7 20
7 19
7 14
7 13
7 10
7 9
7 8
7 4
7 3
7 2
6 22
6 19
6 17
6 13
6 11
6 10
6 8
6 7
5 23
5 22
5 20
5 17
5 13
5 12
5 9
5 7
5 6
5 5
5 4
5 2
5 0
4 24
4 23
4 20
4 18
4 17
4 16
4 15
4 14
4 12
4 11
4 8
4 6
4 4
3 23
3 18
3 15
3 13
3 11
3 9
3 6
3 3
3 1
3 0
2 24
2 23
2 20
2 19
2 14
2 11
2 10
2 7
2 5
2 0
1 25
1 23
1 14
1 9
1 8
1 4
1 3
1 0
0 25
0 23
0 22
0 13
0 12
0 7
0 5
0 3
0 2
0 0
----------initial_place=14----------
25 24
25 22
25 20
25 19
25 16
25 13
25 12
25 10
25 6
25 5
25 4
25 0
24 24
24 22
24 21
24 20
24 19
24 15
24 12
24 8
24 7
24 4
24 2
23 24
23 18
23 17
23 16
23 13
23 11
23 9
23 8
23 6
23 5
23 2
23 0
22 23
22 21
22 20
22 17
22 15
22 9
22 8
22 6
22 4
21 24
21 20
21 18
21 16
21 15
21 11
21 10
21 9
21 7
21 6
21 5
21 2
21 1
20 23
20 21
20 20
20 19
20 15
20 12
20 8
20 7
20 1
20 0
19 25
19 24
19 23
19 21
19 18
19 17
19 11
19 10
19 8
19 6
19 5
19 4
18 25
18 22
18 19
18 18
18 17
18 16
18 12
18 10
18 5
18 2
18 1
17 21
17 20
17 19
17 17
17 14
17 13
17 12
17 1
17 0
16 25
16 24
16 19
16 13
16 12
16 8
16 7
16 5
15 18
15 12
15 5
14 24
14 22
14 21
14 18
14 17
14 16
14 15
14 12
14 11
14 10
14 8
14 2
14 1
13 25
13 23
13 21
13 16
13 12
13 8
13 4
13 3
12 24
12 23
12 17
12 16
12 15
12 14
12 10
12 9
12 7
11 24
11 21
11 20
11 18
11 17
11 15
11 14
11 7
11 3
11 2
11 1
11 0
10 25
10 24
10 23
10 15
10 14
10 6
10 2
9 19
9 16
9 13
9 11
9 7
9 6
9 5
9 4
9 3
9 1
8 25
8 23
8 13
8 9
8 6
8 5
8 4
8 1
7 22
7 20
7 19
7 15
7 10
7 9
7 8
7 4
7 3
7 2
6 22
6 19
6 17
6 13
6 11
6 10
6 8
6 7
5 23
5 22
5 20
5 17
5 15
5 14
5 13
5 12
5 9
5 7
5 6
5 5
5 4
5 2
5 0
4 24
4 23
4 20
4 18
4 17
4 14
4 12
4 11
4 8
4 6
4 4
3 23
3 18
3 16
3 14
3 13
3 11
3 9
3 6
3 3
3 1
3 0
2 24
2 23
2 20
2 19
2 13
2 11
2 10
2 7
2 5
2 0
1 25
1 23
1 16
1 14
1 9
1 8
1 4
1 3
1 0
0 25
0 23
0 22
0 14
0 12
0 7
0 5
0 3
0 2
0 0
----------initial_place=15----------
25 24
25 22
25 20
25 19
25 16
25 14
25 13
25 12
25 10
25 6
25 5
25 4
25 0
24 24
24 22
24 21
24 20
24 19
24 15
24 12
24 8
24 7
24 4
24 2
23 24
23 18
23 13
23 11
23 9
23 8
23 6
23 5
23 2
23 0
22 23
22 21
22 20
22 16
22 15
22 9
22 8
22 6
22 4
21 24
21 20
21 19
21 18
21 15
21 11
21 10
21 9
21 7
21 6
21 5
21 2
21 1
20 23
20 21
20 20
20 17
20 12
20 8
20 7
20 1
20 0
19 25
19 24
19 23
19 21
19 18
19 17
19 16
19 15
19 11
19 10
19 8
19 6
19 5
19 4
18 25
18 22
18 18
18 17
18 16
18 12
18 10
18 5
18 2
18 1
17 21
17 20
17 19
17 17
17 15
17 13
17 12
17 1
17 0
16 25
16 24
16 19
16 15
16 14
16 13
16 12
16 8
16 7
16 5
15 18
15 17
15 15
15 12
15 5
14 24
14 22
14 21
14 19
14 18
14 17
14 16
14 14
14 12
14 11
14 10
14 8
14 2
14 1
13 25
13 23
13 21
13 15
13 14
13 12
13 8
13 4
13 3
12 24
12 23
12 19
12 17
12 10
12 9
12 7
11 24
11 21
11 20
11 18
11 14
11 7
11 3
11 2
11 1
11 0
10 25
10 24
10 23
10 16
10 15
10 6
10 2
9 19
9 17
9 16
9 14
9 13
9 11
9 7
9 6
9 5
9 4
9 3
9 1
8 25
8 23
8 13
8 9
8 6
8 5
8 4
8 1
7 22
7 20
7 19
7 17
7 10
7 9
7 8
7 4
7 3
7 2
6 22
6 19
6 17
6 13
6 11
6 10
6 8
6 7
5 23
5 22
5 20
5 16
5 13
5 12
5 9
5 7
5 6
5 5
5 4
5 2
5 0
4 24
4 23
4 20
4 18
4 17
4 14
4 12
4 11
4 8
4 6
4 4
3 23
3 18
3 16
3 14
3 13
3 11
3 9
3 6
3 3
3 1
3 0
2 24
2 23
2 20
2 19
2 13
2 11
2 10
2 7
2 5
2 0
1 25
1 23
1 17
1 15
1 9
1 8
1 4
1 3
1 0
0 25
0 23
0 22
0 17
0 15
0 12
0 7
0 5
0 3
0 2
0 0
----------initial_place=16----------
25 24
25 22
25 19
25 17
25 15
25 14
25 13
25 12
25 10
25 6
25 5
25 4
25 0
24 24
24 22
24 21
24 20
24 19
24 12
24 8
24 7
24 4
24 2
23 24
23 15
23 13
23 11
23 9
23 8
23 6
23 5
23 2
23 0
22 23
22 21
22 20
22 9
22 8
22 6
22 4
21 24
21 20
21 19
21 18
21 11
21 10
21 9
21 7
21 6
21 5
21 2
21 1
20 23
20 21
20 20
20 17
20 15
20 12
20 8
20 7
20 1
20 0
19 25
19 24
19 23
19 21
19 20
19 18
19 17
19 16
19 11
19 10
19 8
19 6
19 5
19 4
18 25
18 22
18 18
18 17
18 15
18 12
18 10
18 5
18 2
18 1
17 21
17 20
17 19
17 17
17 15
17 13
17 12
17 1
17 0
16 25
16 24
16 19
16 14
16 13
16 12
16 8
16 7
16 5
15 20
15 16
15 15
15 12
15 5
14 24
14 22
14 21
14 19
14 18
14 17
14 15
14 14
14 12
14 11
14 10
14 8
14 2
14 1
13 25
13 23
13 21
13 17
13 14
13 12
13 8
13 4
13 3
12 24
12 23
12 19
12 18
12 17
12 16
12 10
12 9
12 7
11 24
11 21
11 20
11 14
11 7
11 3
11 2
11 1
11 0
10 25
10 24
10 23
10 17
10 15
10 6
10 2
9 19
9 18
9 15
9 14
9 13
9 11
9 7
9 6
9 5
9 4
9 3
9 1
8 25
8 23
8 20
8 13
8 9
8 6
8 5
8 4
8 1
7 22
7 19
7 18
7 17
7 10
7 9
7 8
7 4
7 3
7 2
6 22
6 19
6 17
6 16
6 13
6 11
6 10
6 8
6 7
5 23
5 22
5 20
5 13
5 12
5 9
5 7
5 6
5 5
5 4
5 2
5 0
4 24
4 23
4 18
4 14
4 12
4 11
4 8
4 6
4 4
3 23
3 14
3 13
3 11
3 9
3 6
3 3
3 1
3 0
2 24
2 23
2 20
2 19
2 13
2 11
2 10
2 7
2 5
2 0
1 25
1 23
1 20
1 17
1 16
1 9
1 8
1 4
1 3
1 0
0 25
0 23
0 22
0 18
0 17
0 16
0 15
0 12
0 7
0 5
0 3
0 2
0 0
----------initial_place=17----------
25 24
25 22
25 19
25 17
25 16
25 15
25 14
25 13
25 12
25 10
25 6
25 5
25 4
25 0
24 24
24 22
24 21
24 20
24 17
24 12
24 8
24 7
24 4
24 2
23 24
23 17
23 15
23 13
23 11
23 9
23 8
23 6
23 5
23 2
23 0
22 23
22 21
22 20
22 18
22 17
22 9
22 8
22 6
22 4
21 24
21 21
21 20
21 19
21 11
21 10
21 9
21 7
21 6
21 5
21 2
21 1
20 23
20 20
20 15
20 12
20 8
20 7
20 1
20 0
19 25
19 24
19 23
19 21
19 20
19 19
19 18
19 17
19 11
19 10
19 8
19 6
19 5
19 4
18 25
18 22
18 21
18 15
18 12
18 10
18 5
18 2
18 1
17 21
17 20
17 19
17 18
17 15
17 13
17 12
17 1
17 0
16 25
16 24
16 19
16 18
16 14
16 13
16 12
16 8
16 7
16 5
15 20
15 19
15 15
15 12
15 5
14 24
14 22
14 21
14 19
14 17
14 16
14 15
14 14
14 12
14 11
14 10
14 8
14 2
14 1
13 25
13 23
13 18
13 17
13 14
13 12
13 8
13 4
13 3
12 24
12 23
12 19
12 18
12 17
12 10
12 9
12 7
11 24
11 21
11 20
11 16
11 14
11 7
11 3
11 2
11 1
11 0
10 25
10 24
10 23
10 17
10 15
10 6
10 2
9 21
9 19
9 18
9 15
9 14
9 13
9 11
9 7
9 6
9 5
9 4
9 3
9 1
8 25
8 23
8 20
8 19
8 18
8 17
8 13
8 9
8 6
8 5
8 4
8 1
7 22
7 21
7 19
7 17
7 10
7 9
7 8
7 4
7 3
7 2
6 22
6 21
6 19
6 13
6 11
6 10
6 8
6 7
5 23
5 22
5 20
5 19
5 13
5 12
5 9
5 7
5 6
5 5
5 4
5 2
5 0
4 24
4 23
4 16
4 14
4 12
4 11
4 8
4 6
4 4
3 23
3 21
3 14
3 13
3 11
3 9
3 6
3 3
3 1
3 0
2 24
2 23
2 20
2 18
2 13
2 11
2 10
2 7
2 5
2 0
1 25
1 23
1 20
1 17
1 9
1 8
1 4
1 3
1 0
0 25
0 23
0 22
0 18
0 17
0 15
0 12
0 7
0 5
0 3
0 2
0 0
----------initial_place=18----------
25 24
25 22
25 17
25 16
25 15
25 14
25 13
25 12
25 10
25 6
25 5
25 4
25 0
24 24
24 21
24 20
24 12
24 8
24 7
24 4
24 2
23 24
23 22
23 20
23 18
23 17
23 15
23 13
23 11
23 9
23 8
23 6
23 5
23 2
23 0
22 23
22 22
22 21
22 19
22 17
22 9
22 8
22 6
22 4
21 24
21 22
21 21
21 20
21 19
21 11
21 10
21 9
21 7
21 6
21 5
21 2
21 1
20 23
20 15
20 12
20 8
20 7
20 1
20 0
19 25
19 24
19 23
19 21
19 20
19 18
19 11
19 10
19 8
19 6
19 5
19 4
18 25
18 21
18 17
18 15
18 12
18 10
18 5
18 2
18 1
17 22
17 21
17 20
17 19
17 15
17 13
17 12
17 1
17 0
16 25
16 24
16 19
16 18
16 14
16 13
16 12
16 8
16 7
16 5
15 20
15 19
15 18
15 15
15 12
15 5
14 24
14 21
14 18
14 16
14 15
14 14
14 12
14 11
14 10
14 8
14 2
14 1
13 25
13 23
13 22
13 18
13 17
13 14
13 12
13 8
13 4
13 3
12 24
12 23
12 20
12 19
12 17
12 10
12 9
12 7
11 24
11 21
11 20
11 17
11 16
11 14
11 7
11 3
11 2
11 1
11 0
10 25
10 24
10 23
10 15
10 6
10 2
9 22
9 21
9 15
9 14
9 13
9 11
9 7
9 6
9 5
9 4
9 3
9 1
8 25
8 23
8 20
8 18
8 13
8 9
8 6
8 5
8 4
8 1
7 22
7 21
7 10
7 9
7 8
7 4
7 3
7 2
6 22
6 21
6 19
6 17
6 13
6 11
6 10
6 8
6 7
5 23
5 22
5 20
5 18
5 17
5 13
5 12
5 9
5 7
5 6
5 5
5 4
5 2
5 0
4 24
4 23
4 18
4 16
4 14
4 12
4 11
4 8
4 6
4 4
3 23
3 21
3 14
3 13
3 11
3 9
3 6
3 3
3 1
3 0
2 24
2 23
2 20
2 13
2 11
2 10
2 7
2 5
2 0
1 25
1 23
1 9
1 8
1 4
1 3
1 0
0 25
0 23
0 22
0 20
0 15
0 12
0 7
0 5
0 3
0 2
0 0
----------initial_place=19----------
25 24
25 22
25 20
25 19
25 18
25 17
25 16
25 15
25 14
25 13
25 12
25 10
25 6
25 5
25 4
25 0
24 24
24 21
24 19
24 12
24 8
24 7
24 4
24 2
23 24
23 22
23 21
23 17
23 15
23 13
23 11
23 9
23 8
23 6
23 5
23 2
23 0
22 23
22 22
22 17
22 9
22 8
22 6
22 4
21 24
21 22
21 19
21 11
21 10
21 9
21 7
21 6
21 5
21 2
21 1
20 23
20 19
20 15
20 12
20 8
20 7
20 1
20 0
19 25
19 24
19 23
19 20
19 19
19 18
19 11
19 10
19 8
19 6
19 5
19 4
18 25
18 23
18 21
18 20
18 19
18 18
18 17
18 15
18 12
18 10
18 5
18 2
18 1
17 22
17 21
17 20
17 18
17 15
17 13
17 12
17 1
17 0
16 25
16 24
16 23
16 14
16 13
16 12
16 8
16 7
16 5
15 18
15 15
15 12
15 5
14 24
14 20
14 18
14 16
14 15
14 14
14 12
14 11
14 10
14 8
14 2
14 1
13 25
13 23
13 22
13 20
13 18
13 17
13 14
13 12
13 8
13 4
13 3
12 24
12 23
12 20
12 17
12 10
12 9
12 7
11 24
11 23
11 21
11 20
11 17
11 16
11 14
11 7
11 3
11 2
11 1
11 0
10 25
10 24
10 15
10 6
10 2
9 22
9 20
9 15
9 14
9 13
9 11
9 7
9 6
9 5
9 4
9 3
9 1
8 25
8 20
8 19
8 13
8 9
8 6
8 5
8 4
8 1
7 22
7 20
7 19
7 10
7 9
7 8
7 4
7 3
7 2
6 22
6 17
6 13
6 11
6 10
6 8
6 7
5 22
5 20
5 17
5 13
5 12
5 9
5 7
5 6
5 5
5 4
5 2
5 0
4 24
4 21
4 20
4 18
4 16
4 14
4 12
4 11
4 8
4 6
4 4
3 21
3 19
3 18
3 14
3 13
3 11
3 9
3 6
3 3
3 1
3 0
2 24
2 23
2 13
2 11
2 10
2 7
2 5
2 0
1 25
1 23
1 21
1 9
1 8
1 4
1 3
1 0
0 25
0 22
0 19
0 15
0 12
0 7
0 5
0 3
0 2
0 0
----------initial_place=20----------
25 22
25 20
25 19
25 18
25 17
25 16
25 15
25 14
25 13
25 12
25 10
25 6
25 5
25 4
25 0
24 24
24 20
24 19
24 12
24 8
24 7
24 4
24 2
23 24
23 22
23 17
23 15
23 13
23 11
23 9
23 8
23 6
23 5
23 2
23 0
22 23
22 22
22 17
22 9
22 8
22 6
22 4
21 24
21 20
21 11
21 10
21 9
21 7
21 6
21 5
21 2
21 1
20 23
20 19
20 15
20 12
20 8
20 7
20 1
20 0
19 25
19 24
19 23
19 18
19 11
19 10
19 8
19 6
19 5
19 4
18 25
18 24
18 23
18 20
18 19
18 18
18 17
18 15
18 12
18 10
18 5
18 2
18 1
17 22
17 21
17 19
17 18
17 15
17 13
17 12
17 1
17 0
16 25
16 23
16 21
16 19
16 14
16 13
16 12
16 8
16 7
16 5
15 22
15 18
15 15
15 12
15 5
14 24
14 20
14 18
14 16
14 15
14 14
14 12
14 11
14 10
14 8
14 2
14 1
13 25
13 24
13 23
13 20
13 18
13 17
13 14
13 12
13 8
13 4
13 3
12 24
12 23
12 21
12 20
12 17
12 10
12 9
12 7
11 24
11 23
11 22
11 21
11 17
11 16
11 14
11 7
11 3
11 2
11 1
11 0
10 25
10 24
10 21
10 15
10 6
10 2
9 24
9 22
9 19
9 15
9 14
9 13
9 11
9 7
9 6
9 5
9 4
9 3
9 1
8 25
8 24
8 22
8 20
8 13
8 9
8 6
8 5
8 4
8 1
7 22
7 19
7 10
7 9
7 8
7 4
7 3
7 2
6 22
6 19
6 17
6 13
6 11
6 10
6 8
6 7
5 24
5 22
5 20
5 17
5 13
5 12
5 9
5 7
5 6
5 5
5 4
5 2
5 0
4 21
4 20
4 18
4 16
4 14
4 12
4 11
4 8
4 6
4 4
3 24
3 21
3 18
3 14
3 13
3 11
3 9
3 6
3 3
3 1
3 0
2 24
2 23
2 21
2 19
2 13
2 11
2 10
2 7
2 5
2 0
1 25
1 23
1 22
1 21
1 9
1 8
1 4
1 3
1 0
0 25
0 24
0 15
0 12
0 7
0 5
0 3
0 2
0 0
----------initial_place=21----------
25 22
25 21
25 20
25 19
25 18
25 17
25 16
25 15
25 14
25 13
25 12
25 10
25 6
25 5
25 4
25 0
24 24
24 22
24 20
24 19
24 12
24 8
24 7
24 4
24 2
23 24
23 17
23 15
23 13
23 11
23 9
23 8
23 6
23 5
23 2
23 0
22 23
22 22
22 20
22 17
22 9
22 8
22 6
22 4
21 25
21 24
21 21
21 20
21 11
21 10
21 9
21 7
21 6
21 5
21 2
21 1
20 23
20 20
20 19
20 15
20 12
20 8
20 7
20 1
20 0
19 24
19 23
19 22
19 18
19 11
19 10
19 8
19 6
19 5
19 4
18 24
18 23
18 21
18 19
18 18
18 17
18 15
18 12
18 10
18 5
18 2
18 1
17 22
17 20
17 19
17 18
17 15
17 13
17 12
17 1
17 0
16 25
16 23
16 22
16 21
16 19
16 14
16 13
16 12
16 8
16 7
16 5
15 18
15 15
15 12
15 5
14 25
14 24
14 21
14 18
14 16
14 15
14 14
14 12
14 11
14 10
14 8
14 2
14 1
13 24
13 23
13 18
13 17
13 14
13 12
13 8
13 4
13 3
12 25
12 24
12 23
12 21
12 17
12 10
12 9
12 7
11 24
11 22
11 21
11 20
11 17
11 16
11 14
11 7
11 3
11 2
11 1
11 0
10 25
10 24
10 22
10 15
10 6
10 2
9 24
9 22
9 19
9 15
9 14
9 13
9 11
9 7
9 6
9 5
9 4
9 3
9 1
8 25
8 24
8 22
8 13
8 9
8 6
8 5
8 4
8 1
7 23
7 20
7 19
7 10
7 9
7 8
7 4
7 3
7 2
6 25
6 23
6 19
6 17
6 13
6 11
6 10
6 8
6 7
5 24
5 22
5 20
5 17
5 13
5 12
5 9
5 7
5 6
5 5
5 4
5 2
5 0
4 20
4 18
4 16
4 14
4 12
4 11
4 8
4 6
4 4
3 24
3 18
3 14
3 13
3 11
3 9
3 6
3 3
3 1
3 0
2 24
2 23
2 20
2 19
2 13
2 11
2 10
2 7
2 5
2 0
1 23
1 21
1 9
1 8
1 4
1 3
1 0
0 25
0 24
0 15
0 12
0 7
0 5
0 3
0 2
0 0
----------initial_place=22----------
25 22
25 20
25 19
25 18
25 17
25 16
25 15
25 14
25 13
25 12
25 10
25 6
25 5
25 4
25 0
24 21
24 20
24 19
24 12
24 8
24 7
24 4
24 2
23 24
23 23
23 17
23 15
23 13
23 11
23 9
23 8
23 6
23 5
23 2
23 0
22 23
22 21
22 20
22 17
22 9
22 8
22 6
22 4
21 25
21 24
21 22
21 20
21 11
21 10
21 9
21 7
21 6
21 5
21 2
21 1
21 0
20 22
20 21
20 20
20 19
20 15
20 12
20 8
20 7
20 1
19 24
19 21
19 18
19 11
19 10
19 8
19 6
19 5
19 4
18 19
18 18
18 17
18 15
18 12
18 10
18 5
18 2
18 1
17 24
17 23
17 22
17 21
17 20
17 19
17 18
17 15
17 13
17 12
17 1
17 0
16 25
16 23
16 22
16 19
16 14
16 13
16 12
16 8
16 7
16 5
15 18
15 15
15 12
15 5
14 25
14 24
14 23
14 21
14 18
14 16
14 15
14 14
14 12
14 11
14 10
14 8
14 2
14 1
13 24
13 23
13 22
13 21
13 18
13 17
13 14
13 12
13 8
13 4
13 3
13 0
12 25
12 24
12 17
12 10
12 9
12 7
11 22
11 21
11 20
11 17
11 16
11 14
11 7
11 3
11 2
11 1
10 25
10 24
10 15
10 6
10 2
9 19
9 15
9 14
9 13
9 11
9 7
9 6
9 5
9 4
9 3
9 1
9 0
8 25
8 24
8 23
8 13
8 9
8 6
8 5
8 4
8 1
7 22
7 20
7 19
7 10
7 9
7 8
7 4
7 3
7 2
6 25
6 23
6 22
6 19
6 17
6 13
6 11
6 10
6 8
6 7
6 0
5 23
5 20
5 17
5 13
5 12
5 9
5 7
5 6
5 5
5 4
5 2
5 0
4 22
4 20
4 18
4 16
4 14
4 12
4 11
4 8
4 6
4 4
4 0
3 24
3 23
3 18
3 14
3 13
3 11
3 9
3 6
3 3
3 1
3 0
2 24
2 20
2 19
2 13
2 11
2 10
2 7
2 5
1 23
1 22
1 9
1 8
1 4
1 3
0 25
0 22
0 15
0 12
0 7
0 5
0 3
0 2
----------initial_place=23----------
25 25
25 22
25 20
25 19
25 18
25 17
25 16
25 15
25 14
25 13
25 12
25 10
25 6
25 5
25 4
25 0
24 25
24 23
24 22
24 21
24 20
24 19
24 12
24 8
24 7
24 4
24 2
23 24
23 17
23 15
23 13
23 11
23 9
23 8
23 6
23 5
23 2
23 0
22 23
22 21
22 20
22 17
22 9
22 8
22 6
22 4
21 25
21 20
21 11
21 10
21 9
21 7
21 6
21 5
21 2
21 1
21 0
20 23
20 21
20 20
20 19
20 15
20 12
20 8
20 7
19 21
19 18
19 11
19 10
19 8
19 6
19 5
19 4
18 22
18 19
18 18
18 17
18 15
18 12
18 10
18 5
18 2
18 1
17 25
17 24
17 21
17 20
17 19
17 18
17 15
17 13
17 12
17 0
16 19
16 14
16 13
16 12
16 8
16 7
16 5
15 18
15 15
15 12
15 5
14 25
14 24
14 23
14 22
14 21
14 18
14 16
14 15
14 14
14 12
14 11
14 10
14 8
14 2
14 1
13 24
13 23
13 21
13 18
13 17
13 14
13 12
13 8
13 4
13 3
13 0
12 25
12 17
12 10
12 9
12 7
11 21
11 20
11 17
11 16
11 14
11 7
11 3
11 2
11 1
10 25
10 24
10 15
10 6
10 2
9 23
9 19
9 15
9 14
9 13
9 11
9 7
9 6
9 5
9 4
9 3
9 1
9 0
8 24
8 23
8 13
8 9
8 6
8 5
8 4
7 24
7 22
7 20
7 19
7 10
7 9
7 8
7 4
7 3
7 2
7 1
6 23
6 22
6 19
6 17
6 13
6 11
6 10
6 8
6 7
6 1
6 0
5 23
5 22
5 20
5 17
5 13
5 12
5 9
5 7
5 6
5 5
5 4
5 2
5 0
4 24
4 20
4 18
4 16
4 14
4 12
4 11
4 8
4 6
4 4
4 0
3 24
3 18
3 14
3 13
3 11
3 9
3 6
3 3
3 1
3 0
2 25
2 24
2 20
2 19
2 13
2 11
2 10
2 7
2 5
1 23
1 9
1 8
1 4
1 3
0 22
0 15
0 12
0 7
0 5
0 3
0 2
0 1
----------initial_place=24----------
25 24
25 22
25 20
25 19
25 18
25 17
25 16
25 15
25 14
25 13
25 12
25 10
25 6
25 5
25 4
24 25
24 24
24 22
24 21
24 20
24 19
24 12
24 8
24 7
24 4
24 2
23 17
23 15
23 13
23 11
23 9
23 8
23 6
23 5
23 0
22 23
22 21
22 20
22 17
22 9
22 8
22 6
22 4
21 25
21 24
21 20
21 11
21 10
21 9
21 7
21 6
21 5
21 2
21 1
21 0
20 25
20 24
20 23
20 21
20 20
20 19
20 15
20 12
20 8
20 7
20 2
19 25
19 23
19 21
19 18
19 11
19 10
19 8
19 6
19 5
19 4
18 22
18 19
18 18
18 17
18 15
18 12
18 10
18 5
18 2
18 1
18 0
17 25
17 24
17 21
17 20
17 19
17 18
17 15
17 13
17 12
17 0
16 19
16 14
16 13
16 12
16 8
16 7
16 5
15 24
15 18
15 15
15 12
15 5
15 0
14 25
14 22
14 21
14 18
14 16
14 15
14 14
14 12
14 11
14 10
14 8
14 1
14 0
13 23
13 21
13 18
13 17
13 14
13 12
13 8
13 4
13 3
13 0
12 24
12 23
12 17
12 10
12 9
12 7
11 24
11 21
11 20
11 17
11 16
11 14
11 7
11 3
11 2
11 1
10 25
10 23
10 15
10 6
10 2
10 0
9 25
9 19
9 15
9 14
9 13
9 11
9 7
9 6
9 5
9 4
9 3
9 1
8 23
8 13
8 9
8 6
8 5
8 4
8 2
8 0
7 25
7 22
7 20
7 19
7 10
7 9
7 8
7 4
7 3
7 1
6 22
6 19
6 17
6 13
6 11
6 10
6 8
6 7
6 1
5 23
5 22
5 20
5 17
5 13
5 12
5 9
5 7
5 6
5 5
5 4
5 2
5 0
4 23
4 20
4 18
4 16
4 14
4 12
4 11
4 8
4 6
4 4
4 2
4 0
3 25
3 24
3 23
3 18
3 14
3 13
3 11
3 9
3 6
3 3
3 1
2 25
2 23
2 20
2 19
2 13
2 11
2 10
2 7
2 5
2 2
1 23
1 9
1 8
1 4
1 3
0 23
0 22
0 15
0 12
0 7
0 5
0 3
0 2
0 1
----------initial_place=25----------
25 25
25 24
25 22
25 20
25 19
25 18
25 17
25 16
25 15
25 14
25 13
25 12
25 10
25 6
25 5
25 4
25 1
24 24
24 22
24 21
24 20
24 19
24 12
24 8
24 7
24 4
24 2
24 1
23 24
23 17
23 15
23 13
23 11
23 9
23 8
23 6
23 5
23 3
23 0
22 23
22 21
22 20
22 17
22 9
22 8
22 6
22 4
22 3
22 0
21 24
21 20
21 11
21 10
21 9
21 7
21 6
21 5
21 2
21 1
20 25
20 23
20 21
20 20
20 19
20 15
20 12
20 8
20 7
20 3
20 2
19 25
19 24
19 23
19 21
19 18
19 11
19 10
19 8
19 6
19 5
19 4
19 3
18 25
18 22
18 19
18 18
18 17
18 15
18 12
18 10
18 5
18 3
18 2
18 1
18 0
17 21
17 20
17 19
17 18
17 15
17 13
17 12
17 3
17 0
16 24
16 19
16 14
16 13
16 12
16 8
16 7
16 5
15 18
15 15
15 12
15 5
15 1
15 0
14 25
14 24
14 22
14 21
14 18
14 16
14 15
14 14
14 12
14 11
14 10
14 8
14 1
14 0
13 23
13 21
13 18
13 17
13 14
13 12
13 8
13 4
12 25
12 24
12 23
12 17
12 10
12 9
12 7
12 3
11 25
11 24
11 21
11 20
11 17
11 16
11 14
11 7
11 2
10 24
10 23
10 15
10 6
10 3
10 2
10 0
9 25
9 19
9 15
9 14
9 13
9 11
9 7
9 6
9 5
9 4
9 3
8 23
8 13
8 9
8 6
8 5
8 4
8 2
7 22
7 20
7 19
7 10
7 9
7 8
7 4
7 3
7 1
7 0
6 22
6 19
6 17
6 13
6 11
6 10
6 8
6 7
6 1
5 23
5 22
5 20
5 17
5 13
5 12
5 9
5 7
5 6
5 5
5 4
5 2
5 1
4 25
4 24
4 23
4 20
4 18
4 16
4 14
4 12
4 11
4 8
4 6
4 4
4 2
4 1
4 0
3 25
3 23
3 18
3 14
3 13
3 11
3 9
3 6
2 25
2 24
2 23
2 20
2 19
2 13
2 11
2 10
2 7
2 5
2 2
2 0
1 25
1 23
1 9
1 8
1 4
1 3
1 0
0 25
0 23
0 22
0 15
0 12
0 7
0 5
0 3
0 2
0 1
