----------initial_place=0----------
(20, 20), [ 0, 1, 2, 3, 24, 22, 6, 15, 8, 17, 10, 11, 12, 13, 14, 7, 16, 9, 18, 25, 20, 21, 5, 23, 4, 19 ]
加密结果: etrwpe
(20, 19), [ 0, 1, 2, 3, 24, 5, 6, 17, 8, 15, 10, 11, 12, 13, 14, 9, 16, 7, 18, 19, 20, 21, 25, 23, 4, 22 ]
加密结果: etrwpe
(16, 12), [ 0, 1, 17, 3, 24, 15, 6, 7, 8, 9, 10, 11, 12, 22, 14, 5, 16, 2, 18, 20, 19, 21, 13, 23, 4, 25 ]
加密结果: etrwpe
(16, 5), [ 0, 1, 15, 3, 6, 5, 4, 7, 17, 9, 10, 11, 12, 13, 14, 2, 16, 8, 18, 25, 20, 21, 22, 23, 24, 19 ]
加密结果: etrwpe
(7, 9), [ 0, 19, 2, 3, 25, 5, 22, 7, 8, 9, 10, 11, 12, 13, 14, 21, 16, 20, 18, 1, 17, 15, 6, 23, 24, 4 ]
加密结果: etrwpe
(3, 2), [ 0, 1, 2, 19, 21, 5, 22, 7, 8, 9, 10, 11, 15, 13, 14, 12, 16, 20, 18, 3, 17, 4, 6, 23, 24, 25 ]
加密结果: etrwpe
(1, 25), [ 0, 1, 2, 17, 11, 5, 6, 22, 8, 19, 15, 4, 12, 13, 14, 10, 16, 3, 18, 9, 20, 21, 7, 23, 24, 25 ]
加密结果: etrwpe
----------initial_place=1----------
(20, 20), [ 0, 1, 2, 3, 24, 22, 6, 15, 8, 17, 10, 11, 12, 13, 14, 7, 16, 9, 18, 25, 20, 21, 5, 23, 4, 19 ]
加密结果: etrwpe
(20, 19), [ 0, 1, 2, 3, 24, 5, 6, 17, 8, 15, 10, 11, 12, 13, 14, 9, 16, 7, 18, 19, 20, 21, 25, 23, 4, 22 ]
加密结果: etrwpe
(16, 12), [ 0, 1, 17, 3, 24, 15, 6, 7, 8, 9, 10, 11, 12, 22, 14, 5, 16, 2, 18, 20, 19, 21, 13, 23, 4, 25 ]
加密结果: etrwpe
(7, 9), [ 0, 19, 2, 3, 25, 5, 22, 7, 8, 9, 10, 11, 12, 13, 14, 21, 16, 20, 18, 1, 17, 15, 6, 23, 24, 4 ]
加密结果: etrwpe
(1, 25), [ 0, 1, 2, 17, 11, 5, 6, 22, 8, 19, 15, 4, 12, 13, 14, 10, 16, 3, 18, 9, 20, 21, 7, 23, 24, 25 ]
加密结果: etrwpe
----------initial_place=2----------
(20, 20), [ 0, 1, 2, 3, 24, 22, 6, 15, 8, 17, 10, 11, 12, 13, 14, 7, 16, 9, 18, 25, 20, 21, 5, 23, 4, 19 ]
加密结果: etrwpe
(20, 19), [ 0, 1, 2, 3, 24, 5, 6, 17, 8, 15, 10, 11, 12, 13, 14, 9, 16, 7, 18, 19, 20, 21, 25, 23, 4, 22 ]
加密结果: etrwpe
(16, 12), [ 0, 1, 17, 3, 24, 15, 6, 7, 8, 9, 10, 11, 12, 22, 14, 5, 16, 2, 18, 20, 19, 21, 13, 23, 4, 25 ]
加密结果: etrwpe
(7, 9), [ 0, 19, 2, 3, 25, 5, 22, 7, 8, 9, 10, 11, 12, 13, 14, 21, 16, 20, 18, 1, 17, 15, 6, 23, 24, 4 ]
加密结果: etrwpe
(1, 25), [ 0, 1, 2, 17, 11, 5, 6, 22, 8, 19, 15, 4, 12, 13, 14, 10, 16, 3, 18, 9, 20, 21, 7, 23, 24, 25 ]
加密结果: etrwpe
----------initial_place=3----------
(21, 2), [ 0, 4, 19, 3, 1, 5, 6, 7, 8, 9, 17, 22, 12, 13, 15, 14, 16, 10, 18, 2, 20, 21, 11, 23, 24, 25 ]
加密结果: etrwpe
(20, 20), [ 0, 1, 2, 3, 24, 22, 6, 15, 8, 17, 10, 11, 12, 13, 14, 7, 16, 9, 18, 25, 20, 21, 5, 23, 4, 19 ]
加密结果: etrwpe
(20, 19), [ 0, 1, 2, 3, 24, 5, 6, 17, 8, 15, 10, 11, 12, 13, 14, 9, 16, 7, 18, 19, 20, 21, 25, 23, 4, 22 ]
加密结果: etrwpe
(16, 12), [ 0, 1, 17, 3, 24, 15, 6, 7, 8, 9, 10, 11, 12, 22, 14, 5, 16, 2, 18, 20, 19, 21, 13, 23, 4, 25 ]
加密结果: etrwpe
(7, 9), [ 0, 19, 2, 3, 25, 5, 22, 7, 8, 9, 10, 11, 12, 13, 14, 21, 16, 20, 18, 1, 17, 15, 6, 23, 24, 4 ]
加密结果: etrwpe
(1, 25), [ 0, 1, 2, 17, 11, 5, 6, 22, 8, 19, 15, 4, 12, 13, 14, 10, 16, 3, 18, 9, 20, 21, 7, 23, 24, 25 ]
加密结果: etrwpe
----------initial_place=4----------
(21, 2), [ 0, 4, 19, 3, 1, 5, 6, 7, 8, 9, 17, 22, 12, 13, 15, 14, 16, 10, 18, 2, 20, 21, 11, 23, 24, 25 ]
加密结果: etrwpe
(20, 20), [ 0, 1, 2, 3, 24, 22, 6, 15, 8, 17, 10, 11, 12, 13, 14, 7, 16, 9, 18, 25, 20, 21, 5, 23, 4, 19 ]
加密结果: etrwpe
(20, 19), [ 0, 1, 2, 3, 24, 5, 6, 17, 8, 15, 10, 11, 12, 13, 14, 9, 16, 7, 18, 19, 20, 21, 25, 23, 4, 22 ]
加密结果: etrwpe
(16, 12), [ 0, 1, 17, 3, 24, 15, 6, 7, 8, 9, 10, 11, 12, 22, 14, 5, 16, 2, 18, 20, 19, 21, 13, 23, 4, 25 ]
加密结果: etrwpe
(14, 8), [ 0, 15, 2, 3, 18, 22, 6, 7, 8, 9, 17, 19, 12, 13, 14, 1, 16, 10, 4, 11, 20, 21, 5, 23, 24, 25 ]
加密结果: etrwpe
(7, 9), [ 0, 19, 2, 3, 25, 5, 22, 7, 8, 9, 10, 11, 12, 13, 14, 21, 16, 20, 18, 1, 17, 15, 6, 23, 24, 4 ]
加密结果: etrwpe
(4, 8), [ 22, 1, 2, 3, 18, 5, 6, 7, 17, 9, 10, 11, 12, 13, 14, 23, 16, 8, 4, 24, 20, 21, 0, 15, 19, 25 ]
加密结果: etrwpe
(1, 25), [ 0, 1, 2, 17, 11, 5, 6, 22, 8, 19, 15, 4, 12, 13, 14, 10, 16, 3, 18, 9, 20, 21, 7, 23, 24, 25 ]
加密结果: etrwpe
----------initial_place=5----------
(21, 2), [ 0, 4, 19, 3, 1, 5, 6, 7, 8, 9, 17, 22, 12, 13, 15, 14, 16, 10, 18, 2, 20, 21, 11, 23, 24, 25 ]
加密结果: etrwpe
(20, 20), [ 0, 1, 2, 3, 24, 22, 6, 15, 8, 17, 10, 11, 12, 13, 14, 7, 16, 9, 18, 25, 20, 21, 5, 23, 4, 19 ]
加密结果: etrwpe
(20, 19), [ 0, 1, 2, 3, 24, 5, 6, 17, 8, 15, 10, 11, 12, 13, 14, 9, 16, 7, 18, 19, 20, 21, 25, 23, 4, 22 ]
加密结果: etrwpe
(16, 12), [ 0, 1, 17, 3, 24, 15, 6, 7, 8, 9, 10, 11, 12, 22, 14, 5, 16, 2, 18, 20, 19, 21, 13, 23, 4, 25 ]
加密结果: etrwpe
(14, 8), [ 0, 1, 2, 3, 18, 22, 6, 7, 8, 9, 17, 19, 12, 13, 14, 25, 16, 10, 4, 11, 20, 21, 5, 23, 24, 15 ]
加密结果: etrwpe
(14, 5), [ 0, 1, 2, 19, 20, 5, 6, 7, 8, 17, 10, 11, 12, 15, 14, 13, 22, 9, 18, 3, 4, 21, 16, 23, 24, 25 ]
加密结果: etrwpe
(13, 4), [ 0, 1, 2, 22, 20, 5, 6, 7, 8, 15, 10, 11, 12, 13, 14, 9, 16, 18, 17, 21, 4, 19, 3, 23, 24, 25 ]
加密结果: etrwpe
(4, 8), [ 22, 1, 2, 3, 18, 5, 6, 7, 17, 9, 10, 11, 12, 13, 14, 23, 16, 8, 4, 24, 20, 21, 0, 15, 19, 25 ]
加密结果: etrwpe
(1, 25), [ 0, 1, 2, 17, 11, 5, 6, 22, 8, 19, 15, 4, 12, 13, 14, 10, 16, 3, 18, 9, 20, 21, 7, 23, 24, 25 ]
加密结果: etrwpe
----------initial_place=6----------
(21, 2), [ 0, 4, 19, 3, 1, 5, 6, 7, 8, 9, 17, 22, 12, 13, 15, 14, 16, 10, 18, 2, 20, 21, 11, 23, 24, 25 ]
加密结果: etrwpe
(20, 20), [ 0, 1, 2, 3, 24, 22, 6, 15, 8, 17, 10, 11, 12, 13, 14, 7, 16, 9, 18, 25, 20, 21, 5, 23, 4, 19 ]
加密结果: etrwpe
(20, 19), [ 0, 1, 2, 3, 24, 5, 6, 17, 8, 15, 10, 11, 12, 13, 14, 9, 16, 7, 18, 19, 20, 21, 25, 23, 4, 22 ]
加密结果: etrwpe
(16, 12), [ 0, 1, 17, 3, 24, 15, 6, 7, 8, 9, 10, 11, 12, 22, 14, 5, 16, 2, 18, 20, 19, 21, 13, 23, 4, 25 ]
加密结果: etrwpe
(16, 5), [ 0, 1, 15, 3, 6, 5, 4, 7, 17, 9, 10, 11, 12, 13, 14, 2, 16, 8, 18, 25, 20, 21, 22, 23, 24, 19 ]
加密结果: etrwpe
(13, 4), [ 0, 1, 2, 22, 20, 5, 6, 7, 8, 15, 10, 11, 12, 13, 14, 9, 16, 18, 17, 21, 4, 19, 3, 23, 24, 25 ]
加密结果: etrwpe
(5, 6), [ 4, 1, 2, 3, 0, 5, 6, 7, 8, 9, 17, 11, 12, 13, 14, 23, 22, 10, 18, 24, 20, 21, 16, 15, 19, 25 ]
加密结果: etrwpe
(4, 8), [ 22, 1, 2, 3, 18, 5, 6, 7, 17, 9, 10, 11, 12, 13, 14, 23, 16, 8, 4, 24, 20, 21, 0, 15, 19, 25 ]
加密结果: etrwpe
(1, 25), [ 0, 1, 2, 17, 11, 5, 6, 22, 8, 19, 15, 4, 12, 13, 14, 10, 16, 3, 18, 9, 20, 21, 7, 23, 24, 25 ]
加密结果: etrwpe
----------initial_place=7----------
(21, 2), [ 0, 4, 19, 3, 1, 5, 6, 7, 8, 9, 17, 22, 12, 13, 15, 14, 16, 10, 18, 2, 20, 21, 11, 23, 24, 25 ]
加密结果: etrwpe
(20, 20), [ 0, 1, 2, 3, 24, 22, 6, 15, 8, 17, 10, 11, 12, 13, 14, 7, 16, 9, 18, 25, 20, 21, 5, 23, 4, 19 ]
加密结果: etrwpe
(20, 19), [ 0, 1, 2, 3, 24, 5, 6, 17, 8, 15, 10, 11, 12, 13, 14, 9, 16, 7, 18, 19, 20, 21, 25, 23, 4, 22 ]
加密结果: etrwpe
(16, 12), [ 0, 1, 17, 3, 24, 15, 6, 7, 8, 9, 10, 11, 12, 22, 14, 5, 16, 2, 18, 20, 19, 21, 13, 23, 4, 25 ]
加密结果: etrwpe
(16, 5), [ 0, 1, 15, 3, 6, 5, 4, 7, 17, 9, 10, 11, 12, 13, 14, 2, 16, 8, 18, 25, 20, 21, 22, 23, 24, 19 ]
加密结果: etrwpe
(13, 4), [ 0, 1, 2, 22, 20, 5, 6, 7, 8, 15, 10, 11, 12, 13, 14, 9, 16, 18, 17, 21, 4, 19, 3, 23, 24, 25 ]
加密结果: etrwpe
(1, 25), [ 0, 1, 2, 17, 11, 5, 6, 22, 8, 19, 15, 4, 12, 13, 14, 10, 16, 3, 18, 9, 20, 21, 7, 23, 24, 25 ]
加密结果: etrwpe
----------initial_place=8----------
(21, 2), [ 0, 4, 19, 3, 1, 5, 6, 7, 8, 9, 17, 22, 12, 13, 15, 14, 16, 10, 18, 2, 20, 21, 11, 23, 24, 25 ]
加密结果: etrwpe
(20, 20), [ 0, 1, 2, 3, 24, 22, 6, 15, 8, 17, 10, 11, 12, 13, 14, 7, 16, 9, 18, 25, 20, 21, 5, 23, 4, 19 ]
加密结果: etrwpe
(20, 19), [ 0, 1, 2, 3, 24, 5, 6, 17, 8, 15, 10, 11, 12, 13, 14, 9, 16, 7, 18, 19, 20, 21, 25, 23, 4, 22 ]
加密结果: etrwpe
(16, 5), [ 0, 1, 15, 3, 6, 5, 4, 7, 17, 9, 10, 11, 12, 13, 14, 2, 16, 8, 18, 25, 20, 21, 22, 23, 24, 19 ]
加密结果: etrwpe
(13, 4), [ 0, 1, 2, 22, 20, 5, 6, 7, 8, 15, 10, 11, 12, 13, 14, 9, 16, 18, 17, 21, 4, 19, 3, 23, 24, 25 ]
加密结果: etrwpe
(1, 25), [ 0, 1, 2, 17, 11, 5, 6, 22, 8, 19, 15, 4, 12, 13, 14, 10, 16, 3, 18, 9, 20, 21, 7, 23, 24, 25 ]
加密结果: etrwpe
(0, 8), [ 0, 19, 2, 3, 16, 5, 6, 7, 15, 9, 10, 17, 12, 13, 14, 8, 4, 11, 18, 1, 20, 21, 23, 22, 24, 25 ]
加密结果: etrwpe
----------initial_place=9----------
(25, 11), [ 0, 19, 22, 3, 5, 4, 6, 7, 8, 9, 15, 11, 12, 13, 14, 10, 16, 23, 18, 1, 20, 21, 2, 17, 24, 25 ]
加密结果: etrwpe
(21, 2), [ 0, 4, 19, 3, 1, 5, 6, 7, 8, 9, 17, 22, 12, 13, 15, 14, 16, 10, 18, 2, 20, 21, 11, 23, 24, 25 ]
加密结果: etrwpe
(20, 20), [ 0, 1, 2, 3, 24, 22, 6, 15, 8, 17, 10, 11, 12, 13, 14, 7, 16, 9, 18, 25, 20, 21, 5, 23, 4, 19 ]
加密结果: etrwpe
(20, 19), [ 0, 1, 2, 3, 24, 5, 6, 17, 8, 15, 10, 11, 12, 13, 14, 9, 16, 7, 18, 19, 20, 21, 25, 23, 4, 22 ]
加密结果: etrwpe
(17, 11), [ 0, 1, 4, 19, 2, 5, 6, 7, 8, 9, 17, 11, 12, 13, 14, 24, 16, 10, 18, 3, 20, 21, 22, 23, 15, 25 ]
加密结果: etrwpe
(16, 5), [ 0, 1, 15, 3, 6, 5, 4, 7, 17, 9, 10, 11, 12, 13, 14, 2, 16, 8, 18, 25, 20, 21, 22, 23, 24, 19 ]
加密结果: etrwpe
(13, 11), [ 0, 22, 4, 3, 2, 15, 6, 7, 8, 19, 10, 11, 12, 17, 14, 5, 16, 13, 18, 9, 20, 21, 1, 23, 24, 25 ]
加密结果: etrwpe
(13, 4), [ 0, 1, 2, 22, 20, 5, 6, 7, 8, 15, 10, 11, 12, 13, 14, 9, 16, 18, 17, 21, 4, 19, 3, 23, 24, 25 ]
加密结果: etrwpe
(12, 11), [ 22, 1, 2, 3, 21, 5, 6, 7, 19, 9, 10, 11, 12, 13, 14, 23, 16, 20, 18, 8, 17, 4, 0, 15, 24, 25 ]
加密结果: etrwpe
(1, 25), [ 0, 1, 2, 17, 11, 5, 6, 22, 8, 19, 15, 4, 12, 13, 14, 10, 16, 3, 18, 9, 20, 21, 7, 23, 24, 25 ]
加密结果: etrwpe
----------initial_place=10----------
(21, 2), [ 0, 4, 19, 3, 1, 5, 6, 7, 8, 9, 17, 22, 12, 13, 15, 14, 16, 10, 18, 2, 20, 21, 11, 23, 24, 25 ]
加密结果: etrwpe
(20, 20), [ 0, 1, 2, 3, 24, 22, 6, 15, 8, 17, 10, 11, 12, 13, 14, 7, 16, 9, 18, 25, 20, 21, 5, 23, 4, 19 ]
加密结果: etrwpe
(20, 19), [ 0, 1, 2, 3, 24, 5, 6, 17, 8, 15, 10, 11, 12, 13, 14, 9, 16, 7, 18, 19, 20, 21, 25, 23, 4, 22 ]
加密结果: etrwpe
(16, 5), [ 0, 1, 15, 3, 6, 5, 4, 7, 17, 9, 10, 11, 12, 13, 14, 2, 16, 8, 18, 25, 20, 21, 22, 23, 24, 19 ]
加密结果: etrwpe
(14, 14), [ 0, 1, 2, 17, 16, 5, 6, 7, 8, 9, 22, 11, 12, 15, 14, 13, 4, 3, 18, 21, 20, 19, 10, 23, 24, 25 ]
加密结果: etrwpe
(13, 4), [ 0, 1, 2, 22, 20, 5, 6, 7, 8, 15, 10, 11, 12, 13, 14, 9, 16, 18, 17, 21, 4, 19, 3, 23, 24, 25 ]
加密结果: etrwpe
(11, 12), [ 0, 1, 19, 3, 7, 5, 17, 4, 8, 9, 10, 11, 12, 13, 14, 23, 16, 6, 18, 2, 20, 21, 22, 15, 24, 25 ]
加密结果: etrwpe
(7, 9), [ 0, 19, 2, 3, 25, 5, 22, 7, 8, 9, 10, 11, 12, 13, 14, 21, 16, 20, 18, 1, 17, 15, 6, 23, 24, 4 ]
加密结果: etrwpe
(3, 10), [ 4, 1, 2, 3, 0, 5, 6, 7, 8, 19, 10, 17, 12, 13, 14, 23, 16, 11, 18, 9, 20, 22, 21, 15, 24, 25 ]
加密结果: etrwpe
(1, 25), [ 0, 1, 2, 17, 11, 5, 6, 22, 8, 19, 15, 4, 12, 13, 14, 10, 16, 3, 18, 9, 20, 21, 7, 23, 24, 25 ]
加密结果: etrwpe
----------initial_place=11----------
(23, 11), [ 0, 22, 2, 4, 3, 17, 6, 7, 8, 9, 10, 11, 12, 13, 14, 20, 16, 5, 18, 21, 15, 19, 1, 23, 24, 25 ]
加密结果: etrwpe
(21, 2), [ 0, 4, 19, 3, 1, 5, 6, 7, 8, 9, 17, 22, 12, 13, 15, 14, 16, 10, 18, 2, 20, 21, 11, 23, 24, 25 ]
加密结果: etrwpe
(20, 20), [ 0, 1, 2, 3, 24, 22, 6, 15, 8, 17, 10, 11, 12, 13, 14, 7, 16, 9, 18, 25, 20, 21, 5, 23, 4, 19 ]
加密结果: etrwpe
(20, 19), [ 0, 1, 2, 3, 24, 5, 6, 17, 8, 15, 10, 11, 12, 13, 14, 9, 16, 7, 18, 19, 20, 21, 25, 23, 4, 22 ]
加密结果: etrwpe
(16, 5), [ 0, 1, 15, 3, 6, 5, 4, 7, 17, 9, 10, 11, 12, 13, 14, 2, 16, 8, 18, 25, 20, 21, 22, 23, 24, 19 ]
加密结果: etrwpe
(13, 4), [ 0, 1, 2, 22, 20, 5, 6, 7, 8, 15, 10, 11, 12, 13, 14, 9, 16, 18, 17, 21, 4, 19, 3, 23, 24, 25 ]
加密结果: etrwpe
(7, 9), [ 0, 19, 2, 3, 25, 5, 22, 7, 8, 9, 10, 11, 12, 13, 14, 21, 16, 20, 18, 1, 17, 15, 6, 23, 24, 4 ]
加密结果: etrwpe
(1, 25), [ 0, 1, 2, 17, 11, 5, 6, 22, 8, 19, 15, 4, 12, 13, 14, 10, 16, 3, 18, 9, 20, 21, 7, 23, 24, 25 ]
加密结果: etrwpe
----------initial_place=12----------
(21, 14), [ 0, 1, 2, 3, 13, 17, 6, 7, 19, 9, 10, 11, 12, 4, 14, 24, 16, 5, 22, 8, 20, 21, 18, 23, 15, 25 ]
加密结果: etrwpe
(21, 2), [ 0, 4, 19, 3, 1, 5, 6, 7, 8, 9, 17, 22, 12, 13, 15, 14, 16, 10, 18, 2, 20, 21, 11, 23, 24, 25 ]
加密结果: etrwpe
(20, 20), [ 0, 1, 2, 3, 24, 22, 6, 15, 8, 17, 10, 11, 12, 13, 14, 7, 16, 9, 18, 25, 20, 21, 5, 23, 4, 19 ]
加密结果: etrwpe
(20, 19), [ 0, 1, 2, 3, 24, 5, 6, 17, 8, 15, 10, 11, 12, 13, 14, 9, 16, 7, 18, 19, 20, 21, 25, 23, 4, 22 ]
加密结果: etrwpe
(16, 5), [ 0, 1, 15, 3, 6, 5, 4, 7, 17, 9, 10, 11, 12, 13, 14, 2, 16, 8, 18, 25, 20, 21, 22, 23, 24, 19 ]
加密结果: etrwpe
(13, 4), [ 0, 1, 2, 22, 20, 5, 6, 7, 8, 15, 10, 11, 12, 13, 14, 9, 16, 18, 17, 21, 4, 19, 3, 23, 24, 25 ]
加密结果: etrwpe
(7, 9), [ 0, 19, 2, 3, 25, 5, 22, 7, 8, 9, 10, 11, 12, 13, 14, 21, 16, 20, 18, 1, 17, 15, 6, 23, 24, 4 ]
加密结果: etrwpe
(2, 14), [ 0, 1, 2, 3, 10, 5, 22, 15, 8, 9, 4, 17, 19, 13, 14, 7, 16, 11, 18, 12, 20, 21, 6, 23, 24, 25 ]
加密结果: etrwpe
(1, 25), [ 0, 1, 2, 17, 11, 5, 6, 22, 8, 19, 15, 4, 12, 13, 14, 10, 16, 3, 18, 9, 20, 21, 7, 23, 24, 25 ]
加密结果: etrwpe
----------initial_place=13----------
(21, 2), [ 0, 4, 19, 3, 1, 5, 6, 7, 8, 9, 17, 22, 12, 13, 15, 14, 16, 10, 18, 2, 20, 21, 11, 23, 24, 25 ]
加密结果: etrwpe
(20, 20), [ 0, 1, 2, 3, 24, 22, 6, 15, 8, 17, 10, 11, 12, 13, 14, 7, 16, 9, 18, 25, 20, 21, 5, 23, 4, 19 ]
加密结果: etrwpe
(20, 19), [ 0, 1, 2, 3, 24, 5, 6, 17, 8, 15, 10, 11, 12, 13, 14, 9, 16, 7, 18, 19, 20, 21, 25, 23, 4, 22 ]
加密结果: etrwpe
(19, 17), [ 0, 22, 2, 3, 5, 4, 6, 7, 8, 9, 10, 11, 12, 13, 14, 25, 17, 16, 19, 18, 20, 21, 1, 23, 24, 15 ]
加密结果: etrwpe
(16, 12), [ 0, 1, 17, 3, 24, 15, 6, 7, 8, 9, 10, 11, 12, 22, 14, 5, 16, 2, 18, 20, 19, 21, 13, 23, 4, 25 ]
加密结果: etrwpe
(16, 5), [ 0, 1, 15, 3, 6, 5, 4, 7, 17, 9, 10, 11, 12, 13, 14, 2, 16, 8, 18, 25, 20, 21, 22, 23, 24, 19 ]
加密结果: etrwpe
(14, 14), [ 0, 1, 2, 3, 8, 5, 22, 7, 4, 9, 10, 17, 12, 13, 14, 18, 16, 11, 15, 23, 20, 21, 6, 19, 24, 25 ]
加密结果: etrwpe
(13, 4), [ 0, 1, 2, 22, 20, 5, 6, 7, 8, 15, 10, 11, 12, 13, 14, 9, 16, 18, 17, 21, 4, 19, 3, 23, 24, 25 ]
加密结果: etrwpe
(11, 17), [ 0, 19, 17, 3, 25, 5, 6, 7, 15, 9, 10, 11, 12, 13, 14, 8, 16, 2, 22, 1, 20, 21, 18, 23, 24, 4 ]
加密结果: etrwpe
(7, 9), [ 0, 19, 2, 3, 25, 5, 22, 7, 8, 9, 10, 11, 12, 13, 14, 21, 16, 20, 18, 1, 17, 15, 6, 23, 24, 4 ]
加密结果: etrwpe
(1, 25), [ 0, 1, 2, 17, 11, 5, 6, 22, 8, 19, 15, 4, 12, 13, 14, 10, 16, 3, 18, 9, 20, 21, 7, 23, 24, 25 ]
加密结果: etrwpe
----------initial_place=14----------
(21, 2), [ 0, 4, 19, 3, 1, 5, 6, 7, 8, 9, 17, 22, 12, 13, 15, 14, 16, 10, 18, 2, 20, 21, 11, 23, 24, 25 ]
加密结果: etrwpe
(20, 20), [ 0, 1, 2, 3, 24, 22, 6, 15, 8, 17, 10, 11, 12, 13, 14, 7, 16, 9, 18, 25, 20, 21, 5, 23, 4, 19 ]
加密结果: etrwpe
(20, 19), [ 0, 1, 2, 3, 24, 5, 6, 17, 8, 15, 10, 11, 12, 13, 14, 9, 16, 7, 18, 19, 20, 21, 25, 23, 4, 22 ]
加密结果: etrwpe
(19, 17), [ 0, 22, 2, 3, 5, 4, 6, 7, 8, 9, 10, 11, 15, 13, 14, 12, 17, 16, 19, 18, 20, 21, 1, 23, 24, 25 ]
加密结果: etrwpe
(16, 12), [ 0, 1, 17, 3, 24, 15, 6, 7, 8, 9, 10, 11, 12, 22, 14, 5, 16, 2, 18, 20, 19, 21, 13, 23, 4, 25 ]
加密结果: etrwpe
(16, 5), [ 0, 1, 15, 3, 6, 5, 4, 7, 17, 9, 10, 11, 12, 13, 14, 2, 16, 8, 18, 25, 20, 21, 22, 23, 24, 19 ]
加密结果: etrwpe
(13, 4), [ 0, 1, 2, 22, 20, 5, 6, 7, 8, 15, 10, 11, 12, 13, 14, 9, 16, 18, 17, 21, 4, 19, 3, 23, 24, 25 ]
加密结果: etrwpe
(11, 17), [ 15, 19, 17, 3, 25, 5, 6, 7, 8, 9, 10, 11, 12, 13, 14, 0, 16, 2, 22, 1, 20, 21, 18, 23, 24, 4 ]
加密结果: etrwpe
(7, 9), [ 0, 19, 2, 3, 25, 5, 22, 7, 8, 9, 10, 11, 12, 13, 14, 21, 16, 20, 18, 1, 17, 15, 6, 23, 24, 4 ]
加密结果: etrwpe
(1, 25), [ 0, 1, 2, 17, 11, 5, 6, 22, 8, 19, 15, 4, 12, 13, 14, 10, 16, 3, 18, 9, 20, 21, 7, 23, 24, 25 ]
加密结果: etrwpe
----------initial_place=15----------
(21, 2), [ 0, 4, 19, 3, 1, 5, 6, 7, 8, 9, 17, 22, 12, 13, 15, 14, 16, 10, 18, 2, 20, 21, 11, 23, 24, 25 ]
加密结果: etrwpe
(20, 20), [ 0, 1, 2, 3, 24, 22, 6, 15, 8, 17, 10, 11, 12, 13, 14, 7, 16, 9, 18, 25, 20, 21, 5, 23, 4, 19 ]
加密结果: etrwpe
(16, 12), [ 0, 1, 17, 3, 24, 15, 6, 7, 8, 9, 10, 11, 12, 22, 14, 5, 16, 2, 18, 20, 19, 21, 13, 23, 4, 25 ]
加密结果: etrwpe
(16, 5), [ 0, 1, 15, 3, 6, 5, 4, 7, 17, 9, 10, 11, 12, 13, 14, 2, 16, 8, 18, 25, 20, 21, 22, 23, 24, 19 ]
加密结果: etrwpe
(13, 4), [ 0, 1, 2, 22, 20, 5, 6, 7, 8, 15, 10, 11, 12, 13, 14, 9, 16, 18, 17, 21, 4, 19, 3, 23, 24, 25 ]
加密结果: etrwpe
(7, 9), [ 0, 19, 2, 3, 25, 5, 22, 7, 8, 9, 10, 11, 12, 13, 14, 21, 16, 20, 18, 1, 17, 15, 6, 23, 24, 4 ]
加密结果: etrwpe
(6, 17), [ 0, 1, 2, 3, 14, 5, 6, 7, 8, 9, 10, 11, 12, 19, 4, 24, 22, 21, 18, 13, 20, 17, 16, 23, 15, 25 ]
加密结果: etrwpe
(4, 17), [ 0, 1, 2, 3, 9, 5, 6, 7, 8, 4, 10, 11, 12, 13, 14, 20, 16, 25, 18, 24, 15, 21, 23, 22, 19, 17 ]
加密结果: etrwpe
(1, 25), [ 0, 1, 2, 17, 11, 5, 6, 22, 8, 19, 15, 4, 12, 13, 14, 10, 16, 3, 18, 9, 20, 21, 7, 23, 24, 25 ]
加密结果: etrwpe
----------initial_place=16----------
(21, 2), [ 0, 4, 19, 3, 1, 5, 6, 7, 8, 9, 17, 22, 12, 13, 15, 14, 16, 10, 18, 2, 20, 21, 11, 23, 24, 25 ]
加密结果: etrwpe
(16, 12), [ 0, 1, 17, 3, 24, 15, 6, 7, 8, 9, 10, 11, 12, 22, 14, 5, 16, 2, 18, 20, 19, 21, 13, 23, 4, 25 ]
加密结果: etrwpe
(16, 5), [ 0, 1, 15, 3, 6, 5, 4, 7, 17, 9, 10, 11, 12, 13, 14, 2, 16, 8, 18, 25, 20, 21, 22, 23, 24, 19 ]
加密结果: etrwpe
(13, 4), [ 0, 1, 2, 22, 20, 5, 6, 7, 8, 15, 10, 11, 12, 13, 14, 9, 16, 18, 17, 21, 4, 19, 3, 23, 24, 25 ]
加密结果: etrwpe
(7, 9), [ 0, 19, 2, 3, 25, 5, 22, 7, 8, 9, 10, 11, 12, 13, 14, 21, 16, 20, 18, 1, 17, 15, 6, 23, 24, 4 ]
加密结果: etrwpe
(1, 25), [ 0, 1, 2, 17, 11, 5, 6, 22, 8, 19, 15, 4, 12, 13, 14, 10, 16, 3, 18, 9, 20, 21, 7, 23, 24, 25 ]
加密结果: etrwpe
----------initial_place=17----------
(21, 2), [ 0, 4, 19, 3, 1, 5, 6, 7, 8, 9, 17, 22, 12, 13, 15, 14, 16, 10, 18, 2, 20, 21, 11, 23, 24, 25 ]
加密结果: etrwpe
(19, 19), [ 19, 4, 2, 3, 1, 5, 6, 7, 8, 9, 15, 11, 12, 17, 14, 10, 22, 13, 18, 0, 20, 21, 16, 23, 24, 25 ]
加密结果: etrwpe
(16, 12), [ 0, 1, 17, 3, 24, 15, 6, 7, 8, 9, 10, 11, 12, 22, 14, 5, 16, 2, 18, 20, 19, 21, 13, 23, 4, 25 ]
加密结果: etrwpe
(16, 5), [ 0, 1, 15, 3, 6, 5, 4, 7, 17, 9, 10, 11, 12, 13, 14, 2, 16, 8, 18, 25, 20, 21, 22, 23, 24, 19 ]
加密结果: etrwpe
(13, 4), [ 0, 1, 2, 22, 20, 5, 6, 7, 8, 15, 10, 11, 12, 13, 14, 9, 16, 18, 17, 21, 4, 19, 3, 23, 24, 25 ]
加密结果: etrwpe
(7, 9), [ 0, 19, 2, 3, 25, 5, 22, 7, 8, 9, 10, 11, 12, 13, 14, 21, 16, 20, 18, 1, 17, 15, 6, 23, 24, 4 ]
加密结果: etrwpe
(1, 25), [ 0, 1, 2, 17, 11, 5, 6, 22, 8, 19, 15, 4, 12, 13, 14, 10, 16, 3, 18, 9, 20, 21, 7, 23, 24, 25 ]
加密结果: etrwpe
----------initial_place=18----------
(21, 2), [ 0, 4, 19, 3, 1, 5, 6, 7, 8, 9, 17, 22, 12, 13, 15, 14, 16, 10, 18, 2, 20, 21, 11, 23, 24, 25 ]
加密结果: etrwpe
(19, 20), [ 22, 1, 19, 15, 12, 5, 6, 7, 8, 9, 10, 11, 4, 13, 14, 3, 16, 18, 17, 2, 20, 21, 0, 23, 24, 25 ]
加密结果: etrwpe
(16, 12), [ 0, 1, 17, 3, 24, 15, 6, 7, 8, 9, 10, 11, 12, 22, 14, 5, 16, 2, 18, 20, 19, 21, 13, 23, 4, 25 ]
加密结果: etrwpe
(16, 5), [ 0, 1, 15, 3, 6, 5, 4, 7, 17, 9, 10, 11, 12, 13, 14, 2, 16, 8, 18, 25, 20, 21, 22, 23, 24, 19 ]
加密结果: etrwpe
(13, 4), [ 0, 1, 2, 22, 20, 5, 6, 7, 8, 15, 10, 11, 12, 13, 14, 9, 16, 18, 17, 21, 4, 19, 3, 23, 24, 25 ]
加密结果: etrwpe
(7, 9), [ 0, 19, 2, 3, 25, 5, 22, 7, 8, 9, 10, 11, 12, 13, 14, 21, 16, 20, 18, 1, 17, 15, 6, 23, 24, 4 ]
加密结果: etrwpe
(5, 20), [ 17, 1, 2, 3, 18, 5, 6, 7, 8, 9, 10, 11, 19, 13, 14, 20, 16, 0, 4, 12, 15, 21, 22, 23, 24, 25 ]
加密结果: etrwpe
(1, 25), [ 0, 1, 2, 17, 11, 5, 6, 22, 8, 19, 15, 4, 12, 13, 14, 10, 16, 3, 18, 9, 20, 21, 7, 23, 24, 25 ]
加密结果: etrwpe
----------initial_place=19----------
(21, 2), [ 0, 4, 19, 3, 1, 5, 6, 7, 8, 9, 17, 22, 12, 13, 15, 14, 16, 10, 18, 2, 20, 21, 11, 23, 24, 25 ]
加密结果: etrwpe
(16, 12), [ 0, 1, 17, 3, 24, 15, 6, 7, 8, 9, 10, 11, 12, 22, 14, 5, 16, 2, 18, 20, 19, 21, 13, 23, 4, 25 ]
加密结果: etrwpe
(16, 5), [ 0, 1, 15, 3, 6, 5, 4, 7, 17, 9, 10, 11, 12, 13, 14, 2, 16, 8, 18, 25, 20, 21, 22, 23, 24, 19 ]
加密结果: etrwpe
(13, 4), [ 0, 1, 2, 22, 20, 5, 6, 7, 8, 15, 10, 11, 12, 13, 14, 9, 16, 18, 17, 21, 4, 19, 3, 23, 24, 25 ]
加密结果: etrwpe
(9, 20), [ 0, 1, 15, 22, 6, 5, 4, 17, 8, 9, 10, 11, 12, 13, 14, 2, 16, 7, 19, 18, 20, 21, 3, 23, 24, 25 ]
加密结果: etrwpe
(7, 20), [ 0, 1, 22, 3, 20, 19, 6, 7, 8, 9, 10, 11, 12, 13, 14, 15, 16, 25, 18, 5, 4, 21, 2, 23, 24, 17 ]
加密结果: etrwpe
(7, 9), [ 0, 19, 2, 3, 25, 5, 22, 7, 8, 9, 10, 11, 12, 13, 14, 21, 16, 20, 18, 1, 17, 15, 6, 23, 24, 4 ]
加密结果: etrwpe
(4, 21), [ 0, 1, 22, 19, 23, 5, 6, 7, 8, 9, 15, 11, 12, 13, 14, 10, 17, 16, 18, 3, 20, 21, 2, 4, 24, 25 ]
加密结果: etrwpe
(1, 25), [ 0, 1, 2, 17, 11, 5, 6, 22, 8, 19, 15, 4, 12, 13, 14, 10, 16, 3, 18, 9, 20, 21, 7, 23, 24, 25 ]
加密结果: etrwpe
----------initial_place=20----------
(21, 20), [ 0, 1, 2, 3, 24, 22, 6, 15, 8, 17, 10, 11, 12, 13, 14, 7, 16, 9, 18, 25, 20, 21, 5, 23, 4, 19 ]
加密结果: etrwpe
(21, 2), [ 0, 4, 19, 3, 1, 5, 6, 7, 8, 9, 17, 22, 12, 13, 15, 14, 16, 10, 18, 2, 20, 21, 11, 23, 24, 25 ]
加密结果: etrwpe
(20, 19), [ 0, 1, 2, 3, 24, 5, 6, 17, 8, 15, 10, 11, 12, 13, 14, 9, 16, 7, 18, 19, 20, 21, 25, 23, 4, 22 ]
加密结果: etrwpe
(17, 21), [ 0, 1, 19, 22, 12, 5, 6, 7, 8, 9, 10, 15, 4, 13, 14, 11, 16, 23, 18, 2, 20, 21, 3, 17, 24, 25 ]
加密结果: etrwpe
(16, 12), [ 0, 1, 17, 3, 24, 15, 6, 7, 8, 9, 10, 11, 12, 22, 14, 5, 16, 2, 18, 20, 19, 21, 13, 23, 4, 25 ]
加密结果: etrwpe
(16, 5), [ 0, 1, 15, 3, 6, 5, 4, 7, 17, 9, 10, 11, 12, 13, 14, 2, 16, 8, 18, 25, 20, 21, 22, 23, 24, 19 ]
加密结果: etrwpe
(13, 4), [ 0, 1, 2, 22, 20, 5, 6, 7, 8, 15, 10, 11, 12, 13, 14, 9, 16, 18, 17, 21, 4, 19, 3, 23, 24, 25 ]
加密结果: etrwpe
(7, 9), [ 0, 19, 2, 3, 25, 5, 22, 7, 8, 9, 10, 11, 12, 13, 14, 21, 16, 20, 18, 1, 17, 15, 6, 23, 24, 4 ]
加密结果: etrwpe
(3, 21), [ 0, 1, 2, 4, 3, 5, 6, 7, 8, 9, 10, 11, 22, 19, 14, 23, 16, 18, 17, 13, 20, 21, 12, 15, 24, 25 ]
加密结果: etrwpe
(2, 24), [ 0, 1, 15, 3, 14, 5, 6, 7, 8, 9, 10, 11, 19, 13, 4, 2, 16, 21, 18, 12, 20, 17, 25, 23, 24, 22 ]
加密结果: etrwpe
(1, 25), [ 0, 1, 2, 17, 11, 5, 6, 22, 8, 19, 15, 4, 12, 13, 14, 10, 16, 3, 18, 9, 20, 21, 7, 23, 24, 25 ]
加密结果: etrwpe
----------initial_place=21----------
(21, 2), [ 0, 4, 19, 3, 1, 5, 6, 7, 8, 9, 17, 22, 12, 13, 15, 14, 16, 10, 18, 2, 20, 21, 11, 23, 24, 25 ]
加密结果: etrwpe
(20, 20), [ 0, 1, 2, 3, 24, 22, 6, 15, 8, 17, 10, 11, 12, 13, 14, 7, 16, 9, 18, 25, 20, 21, 5, 23, 4, 19 ]
加密结果: etrwpe
(20, 19), [ 0, 1, 2, 3, 24, 5, 6, 17, 8, 15, 10, 11, 12, 13, 14, 9, 16, 7, 18, 19, 20, 21, 25, 23, 4, 22 ]
加密结果: etrwpe
(18, 23), [ 0, 1, 19, 17, 7, 5, 6, 4, 8, 9, 15, 11, 22, 13, 14, 10, 16, 3, 18, 2, 20, 21, 12, 23, 24, 25 ]
加密结果: etrwpe
(16, 12), [ 0, 1, 17, 3, 24, 15, 6, 7, 8, 9, 10, 11, 12, 22, 14, 5, 16, 2, 18, 20, 19, 21, 13, 23, 4, 25 ]
加密结果: etrwpe
(16, 5), [ 0, 1, 15, 3, 6, 5, 4, 7, 17, 9, 10, 11, 12, 13, 14, 2, 16, 8, 18, 25, 20, 21, 22, 23, 24, 19 ]
加密结果: etrwpe
(13, 4), [ 0, 1, 2, 22, 20, 5, 6, 7, 8, 15, 10, 11, 12, 13, 14, 9, 16, 18, 17, 21, 4, 19, 3, 23, 24, 25 ]
加密结果: etrwpe
(7, 9), [ 0, 19, 2, 3, 25, 5, 22, 7, 8, 9, 10, 11, 12, 13, 14, 21, 16, 20, 18, 1, 17, 15, 6, 23, 24, 4 ]
加密结果: etrwpe
(2, 24), [ 0, 1, 2, 3, 14, 5, 6, 15, 8, 9, 10, 11, 19, 13, 4, 7, 16, 21, 18, 12, 20, 17, 25, 23, 24, 22 ]
加密结果: etrwpe
----------initial_place=22----------
(21, 2), [ 0, 4, 19, 3, 1, 5, 6, 7, 8, 9, 17, 22, 12, 13, 15, 14, 16, 10, 18, 2, 20, 21, 11, 23, 24, 25 ]
加密结果: etrwpe
(20, 20), [ 0, 1, 2, 3, 24, 22, 6, 15, 8, 17, 10, 11, 12, 13, 14, 7, 16, 9, 18, 25, 20, 21, 5, 23, 4, 19 ]
加密结果: etrwpe
(20, 19), [ 0, 1, 2, 3, 24, 5, 6, 17, 8, 15, 10, 11, 12, 13, 14, 9, 16, 7, 18, 19, 20, 21, 25, 23, 4, 22 ]
加密结果: etrwpe
(16, 12), [ 0, 1, 17, 3, 24, 15, 6, 7, 8, 9, 10, 11, 12, 22, 14, 5, 16, 2, 18, 20, 19, 21, 13, 23, 4, 25 ]
加密结果: etrwpe
(16, 5), [ 0, 1, 15, 3, 6, 5, 4, 7, 17, 9, 10, 11, 12, 13, 14, 2, 16, 8, 18, 25, 20, 21, 22, 23, 24, 19 ]
加密结果: etrwpe
(14, 23), [ 0, 1, 2, 3, 13, 5, 6, 7, 19, 9, 15, 11, 12, 4, 22, 10, 16, 24, 18, 8, 20, 21, 14, 23, 17, 25 ]
加密结果: etrwpe
(13, 4), [ 0, 1, 2, 22, 20, 5, 6, 7, 8, 15, 10, 11, 12, 13, 14, 9, 16, 18, 17, 21, 4, 19, 3, 23, 24, 25 ]
加密结果: etrwpe
(13, 0), [ 0, 1, 2, 4, 3, 5, 6, 7, 15, 17, 10, 22, 12, 13, 14, 8, 16, 9, 18, 23, 20, 21, 11, 19, 24, 25 ]
加密结果: etrwpe
(7, 9), [ 0, 19, 2, 3, 25, 5, 22, 7, 8, 9, 10, 11, 12, 13, 14, 21, 16, 20, 18, 1, 17, 15, 6, 23, 24, 4 ]
加密结果: etrwpe
----------initial_place=23----------
(21, 2), [ 0, 4, 19, 3, 1, 5, 6, 7, 8, 9, 17, 22, 12, 13, 15, 14, 16, 10, 18, 2, 20, 21, 11, 23, 24, 25 ]
加密结果: etrwpe
(20, 20), [ 0, 1, 2, 3, 24, 22, 6, 15, 8, 17, 10, 11, 12, 13, 14, 7, 16, 9, 18, 25, 20, 21, 5, 23, 4, 19 ]
加密结果: etrwpe
(20, 19), [ 0, 1, 2, 3, 24, 5, 6, 17, 8, 15, 10, 11, 12, 13, 14, 9, 16, 7, 18, 19, 20, 21, 25, 23, 4, 22 ]
加密结果: etrwpe
(16, 12), [ 0, 1, 17, 3, 24, 15, 6, 7, 8, 9, 10, 11, 12, 22, 14, 5, 16, 2, 18, 20, 19, 21, 13, 23, 4, 25 ]
加密结果: etrwpe
(16, 5), [ 0, 1, 15, 3, 6, 5, 4, 7, 17, 9, 10, 11, 12, 13, 14, 2, 16, 8, 18, 25, 20, 21, 22, 23, 24, 19 ]
加密结果: etrwpe
(13, 4), [ 0, 1, 2, 22, 20, 5, 6, 7, 8, 15, 10, 11, 12, 13, 14, 9, 16, 18, 17, 21, 4, 19, 3, 23, 24, 25 ]
加密结果: etrwpe
(13, 0), [ 0, 1, 2, 4, 3, 5, 6, 7, 8, 17, 10, 22, 12, 13, 14, 20, 16, 9, 18, 23, 15, 21, 11, 19, 24, 25 ]
加密结果: etrwpe
(11, 1), [ 0, 1, 2, 3, 18, 5, 19, 7, 8, 9, 10, 11, 15, 13, 14, 12, 17, 16, 4, 6, 20, 21, 22, 23, 24, 25 ]
加密结果: etrwpe
(7, 9), [ 0, 19, 2, 3, 25, 5, 22, 7, 8, 9, 10, 11, 12, 13, 14, 21, 16, 20, 18, 1, 17, 15, 6, 23, 24, 4 ]
加密结果: etrwpe
(3, 0), [ 0, 1, 17, 3, 13, 5, 6, 7, 8, 9, 15, 11, 12, 4, 14, 10, 16, 2, 22, 23, 20, 21, 18, 19, 24, 25 ]
加密结果: etrwpe
----------initial_place=24----------
(24, 24), [ 0, 17, 2, 3, 4, 5, 6, 7, 8, 9, 15, 11, 12, 19, 14, 10, 22, 1, 18, 13, 20, 21, 16, 23, 24, 25 ]
加密结果: etrwpe
(20, 20), [ 0, 1, 2, 3, 24, 22, 6, 15, 8, 17, 10, 11, 12, 13, 14, 7, 16, 9, 18, 25, 20, 21, 5, 23, 4, 19 ]
加密结果: etrwpe
(20, 19), [ 0, 1, 2, 3, 24, 5, 6, 17, 8, 15, 10, 11, 12, 13, 14, 9, 16, 7, 18, 19, 20, 21, 25, 23, 4, 22 ]
加密结果: etrwpe
(16, 12), [ 0, 1, 17, 3, 24, 15, 6, 7, 8, 9, 10, 11, 12, 22, 14, 5, 16, 2, 18, 20, 19, 21, 13, 23, 4, 25 ]
加密结果: etrwpe
(16, 5), [ 0, 1, 15, 3, 6, 5, 4, 7, 17, 9, 10, 11, 12, 13, 14, 2, 16, 8, 18, 25, 20, 21, 22, 23, 24, 19 ]
加密结果: etrwpe
(13, 4), [ 0, 1, 2, 22, 20, 5, 6, 7, 8, 15, 10, 11, 12, 13, 14, 9, 16, 18, 17, 21, 4, 19, 3, 23, 24, 25 ]
加密结果: etrwpe
(7, 9), [ 0, 19, 2, 3, 25, 5, 22, 7, 8, 9, 10, 11, 12, 13, 14, 21, 16, 20, 18, 1, 17, 15, 6, 23, 24, 4 ]
加密结果: etrwpe
(3, 24), [ 0, 1, 4, 17, 2, 5, 6, 7, 8, 9, 10, 11, 12, 13, 15, 14, 16, 3, 19, 18, 20, 21, 23, 22, 24, 25 ]
加密结果: etrwpe
----------initial_place=25----------
(20, 20), [ 0, 1, 2, 3, 24, 22, 6, 15, 8, 17, 10, 11, 12, 13, 14, 7, 16, 9, 18, 25, 20, 21, 5, 23, 4, 19 ]
加密结果: etrwpe
(20, 19), [ 0, 1, 2, 3, 24, 5, 6, 17, 8, 15, 10, 11, 12, 13, 14, 9, 16, 7, 18, 19, 20, 21, 25, 23, 4, 22 ]
加密结果: etrwpe
(16, 12), [ 0, 1, 17, 3, 24, 15, 6, 7, 8, 9, 10, 11, 12, 22, 14, 5, 16, 2, 18, 20, 19, 21, 13, 23, 4, 25 ]
加密结果: etrwpe
(16, 5), [ 0, 1, 15, 3, 6, 5, 4, 7, 17, 9, 10, 11, 12, 13, 14, 2, 16, 8, 18, 25, 20, 21, 22, 23, 24, 19 ]
加密结果: etrwpe
(14, 1), [ 0, 1, 22, 3, 20, 5, 6, 7, 8, 9, 10, 11, 12, 15, 14, 13, 16, 23, 18, 21, 4, 19, 2, 17, 24, 25 ]
加密结果: etrwpe
(13, 4), [ 0, 1, 2, 22, 20, 5, 6, 7, 8, 15, 10, 11, 12, 13, 14, 9, 16, 18, 17, 21, 4, 19, 3, 23, 24, 25 ]
加密结果: etrwpe
(7, 9), [ 0, 19, 2, 3, 25, 5, 22, 7, 8, 9, 10, 11, 12, 13, 14, 21, 16, 20, 18, 1, 17, 15, 6, 23, 24, 4 ]
加密结果: etrwpe
