S0:
     0  1  2  3  4  5  6  7  8  9 10 11 12 13 14 15 
 0: 64  0  0  0  0  0  0  0  0  0  0  0  0  0  0  0 
 1:  2  2  2  4  6  6  4  2  4  4  8  2  6  2  4  6 
 2: 16  0  0  6  0  4  2  4  0  6  4  4 12  2  2  2 
 3:  2  4  4  8  2  2  8  2  4  4  4  6  2  4  2  6 
 4: 16  0  0  6  0  6  8  4  0  4  6  4  0  6  2  2 
 5:  6  4  4  8  2  6  2  8  2  4  2  2  6  2  4  2 
 6: 16  4  2  2  6  2  4  0  4  4  4  0  4  0  0 12 
 7: 10  4  2  2  4  4  4  2  4  6  2  6  4  4  2  4 
 8: 16  0  0 10  0  2  8  4  0  4  2  4  8  2  2  2 
 9:  2  2  2  6  2  4  4  2  2 12  6  4  4  4  2  6 
10: 16  6  6  0  2  6  4  0  2  4  6  0  4  0  0  8 
11:  4  4  4  2  4  8  8  2  2  2  4  2  6  2  4  6 
12: 16  0  0  6  0  6  4  0  0  4  6  0  4  6 10  2 
13:  8  4  8  2  6  2  4  2  2  4  6  2  4  2  2  6 
14: 16  2  8  6  4  6  2  0  2  6  4  0  0  0  0  8 
15:  2  4  2  4  2  4  6  4  4  4  4  4  8  4  4  4 
16: 16  0  0  0  0  0  2 10  0  4  2 10  2  6  6  6 
17:  2  6  4 12  4  2  2  4  6  2  2  2  2  4  6  4 
18: 16  4  4  0  2  6  2  6  6  2  2  6  4  0  4  0 
19:  6  4  4  2  8  4  2  2  6  2  4  4  4  6  2  4 
20: 16  8  4  0  8  0  4  0  8  0  2  2  2  6  4  0 
21:  2  2  4  2  4  2  2  2 10  4  4  8  2  2 12  2 
22: 16  4 10  6  0  2  2  4 10  0  0  2  0  4  2  2 
23:  2  2  8  2  2  6  4 10  4  2  2  6  2  4  4  4 
24: 16  4  2  0  8  2  2  2  2  2  6  8  4  6  0  0 
25:  8  4  4  4  8  4  4  4  2  2  2  2  2  6  6  2 
26: 16  6  4  0  0  4  4  6  6  2  2  0  2  4  6  2 
27:  2  6  4  2  2  2  4  6  6  4  6  6  6  4  2  2 
28: 16  8  6  6  4  0  0  8  6  2  0  0  0  4  4  0 
29:  2  4  4  2  4  6  2  8  4  4  2  2  2 10  4  4 
30: 16  2  2  0 14  2  0  0  2  4  2  8  2  2  6  2 
31:  4  8  4  2  4  2  4  4  2  4  6  6  4  4  4  2 
32:  2  2  2  8  2  6  6  4  2  8  4  4  4  2  2  6 
33:  2  2  2  4  2  4  4  4  2  6  6  4 10  4  4  4 
34:  8  4  6  2  4  8  2  2  2  2  6  2  2  2  2 10 
35: 12  6  2  2  6  6  4  2  4  4  4  2  2  4  2  2 
36: 12  2  2  4  4  2  4  2  2  8  4  2  4  6  4  2 
37:  4  6  4  2  2  4  4  2  2  6  6  2  4  4  6  6 
38:  2  2  2  6  6  8  4  2  2  4  8  2  6  6  2  2 
39:  4  4  6  6  2  4  8  2  4  4  6  2  2  4  4  2 
40: 10  2  4  6  2  6  4  2  2  4  6  2  4  2  4  4 
41: 10  2  4  2  4  4  4  2  2  2  4  2 10  2  2  8 
42:  2  2  2  8  2  2 10  4  4 12  2  4  2  2  4  2 
43:  2  2  2  8  2  2  4  2  2  2  4  6  8  4  4 10 
44:  4  2  2  2  2  4  6  6  2  4  4  4  8  2  4  8 
45:  4  4  6  8  2  6  2  4  2  6  4  6  2  2  2  4 
46:  4  4  4  4  2  4  4  2  4  2  6  4 10  2  2  6 
47:  2  2  2  4  4  6  6  2  6  6  2  4  2  4  4  8 
48:  2  6  4  2  6  4  4  4 10  2  2  4  4  2  4  4 
49:  4  6  4  4  4  4  4  2  6  2  6  8  2  4  2  2 
50:  2  2  8  4  4  4  2  2  6  2  4  8  4  4  6  2 
51:  2  4  4  4  2  2  6  8  4  2  6  6  4  4  4  2 
52:  2  4 12  4  2  2  2  8  4  2  2  2  2 10  2  4 
53:  2  4  6  4  4  4  4  8  6  2  2  2  2  4  6  4 
54:  2  6  4  2  4  2  4  4  4  4  6  8  2  4  6  2 
55:  2  4  4  2  6  4  2  4  4  6  4  6  6  4  4  2 
56:  2  6  4  4  4  2  2  4  6  2  2  2  4  6  8  6 
57:  2  4  2  6  2  4  4  8  6  6  2  4  2  6  4  2 
58:  4  4  2  2  8  4  2  6  4  4  2  2  4  8  6  2 
59:  6  6  4  2 10  6  2  4  2  4  4  4  2  4  2  2 
60:  2  8  2  2 10  2  4  2  4  2  4 12  2  2  4  2 
61:  4  4  4  2  8  2  2  2  6  2  2  4  4  6 10  2 
62:  4  8  4  4  2  4  4 10  6  2  2  2  2  4  4  2 
63:  2  4  8  4  4  2  4  8  6  4  2  2  2  4  4  4 

S1:
     0  1  2  3  4  5  6  7  8  9 10 11 12 13 14 15 
 0: 64  0  0  0  0  0  0  0  0  0  0  0  0  0  0  0 
 1:  6  2  6 12  0  4  4  2  2  4  4  0 10  4  0  4 
 2:  0  0  0  4  0  0  6  2  0  0  8  4  8 12 14  6 
 3:  4  0  4  4  6  6  4  4  4  2  4  2  6  4  4  6 
 4:  0  0  0  0  0 10  2 12  0  4  8  4  8  6  6  4 
 5:  2  0 10  4  8  0 10 10  0  4  8  0  2  4  0  2 
 6:  0  8  4  6  8  4  8  2  6  8  2  6  0  2  0  0 
 7:  4  6  0  0  6  2  2  4  6  8 10  2  6  2  2  4 
 8:  0  0  0  2  0  8  0  6  0 10 16  8  6  0  2  6 
 9:  2  2  0 10  4  6  6  6  2 14  0  6  2  0  0  4 
10:  0  8  2  4 10  4 10  2  8  2  2  2  2  2  2  4 
11:  0  4  2  2  2  6  2  6  2 10  4  4  4  4  4  8 
12:  0  0  0  6  0 12  2  8  0  2  0  8  6  8  8  4 
13:  4  2  0  2  0  0  2  2 10  6  4  0  6  4 14  8 
14:  0  8  6 10  2  2  4  0 10  2  4  4  2  6  0  4 
15: 10  4 10 10  6  4  2  2  2  0  2  2  0  2  4  4 
16:  0  0  0  6  0  4  8  6  0  4  8 10  2  6  6  4 
17:  2  8  0  0  4  4 10  0  4  4  8  6  6  4  2  2 
18:  0 10  2  6  6  4  8  4  6  6  0  2  4  4  2  0 
19:  4  2 10  2  6  6  4  2  6  0  4  8  4  4  2  0 
20:  0  4 10  4  8  0  0 10  6  4  0  4  6  4  2  2 
21:  2 16  0  2  4  4  2  2  2  2  0  8  2 12  0  6 
22:  0  6  4  6  2  2  4  4  6  6  2  2  4  2  6  8 
23:  4  6  6  4  2  2  0  8  0  0  2 10  4  2  6  8 
24:  0  8  8  4  8  6  0  2  0  8  0  0  6  4  2  8 
25:  4  2  0  8  4  2  6  2  6  0 10  2  6  4  8  0 
26:  0  6  8  2  4  2  4  2  2  2  2  6  4  4  4 12 
27: 10  0  6  2  2  6  0 10  6  2  2  4  2  4  4  4 
28:  0  4 10  2  8  0  4  4 10  4  4  2  2  0 10  0 
29:  2  8  8  2  8  4  8  0  2  2  2  6  2  4  4  2 
30:  0  2 10  2  8  6  4  0 10  2  8  2  4  4  0  2 
31:  4  2  2  0  2  8  2  4 10  6  0  4  2  6 10  2 
32:  0  2  2  2  2 10  0  2  2  8  0  8 10  2  4 10 
33:  2  0  4  8  2  2  2  4  2 10  4  2  8  2  4  8 
34:  0 10  8  6  2  2 10  2  2  8  2  0  0  0  0 12 
35:  6  4  6  4  4  6  2  0  2  8  4  2  6  4  2  4 
36:  6  6  0  0  4  8  0  4  4  4  4  8  4  0  6  6 
37:  0  0  0  8  0  4  8  4 10  4  0  6  4  6  6  4 
38:  0  4  4  8  2  2  8  4  8  0  6  6  0  0  4  8 
39:  0  4  6  6  6 12  4  2  4  2  0 10  4  4  0  0 
40: 12  0  4  2  6 10  4  6  4  4  0  2  4  0  2  4 
41: 12  4  0  6  4  6  4  4  8  2  2  2  4  0  2  4 
42:  0  0  0 10  2  4  8  0  4  4  8  6  8  6  2  2 
43:  8  4  4  0  2  2 10  2  2  4  4  6  8  2  2  4 
44: 12  2 10  2  0  2  2  6  2  0 10  6  0  2  8  0 
45:  2  2 12  4  6  2  6  6  0  6  6  0  4  6  0  2 
46:  6  8  0  2 10  2  4  0  2  0  6  0 10 10  2  2 
47:  2 10  0  0  0  2  4  6  4  4  4  4 10  0  8  6 
48:  2  2  6  4  4  4  8  2  8 10  4  4  2  0  2  2 
49:  4  4  4  6 14  6  2  0  4  2 10  2  2  4  0  0 
50:  2  0  6  2  8  4  2  8 10  2  6  0  4  2  2  6 
51:  4  0  4  0  4  4  2  6  2  6  2  6  0  4 10 10 
52:  2  6  6  6  6  0  4  6  0  2  2  0  6  2 10  6 
53:  8  4  2  4  6  2  4  2  4  2  6  2  2  8  8  0 
54:  8  6  8  0  4  2  0  0  6  6  0  2  2 14  4  2 
55:  8  0 10  4  0  4  0  6  4  2  2  6  2  4 10  2 
56:  4  4  8 10  0  2  2  2  2  8  6  2  4  4  2  4 
57:  0 10  2  4  0  2  6  0  2  2  8  4  0  8  6 10 
58:  4  2  2  4  4  4  6  6  4  4  2  2  4 10  6  0 
59:  4  6  4  4  2  8  4  8  2  2  2  4  8  4  2  0 
60:  2  2  0  2  6  8  4  4  2  4  2  6  6 10  6  0 
61:  0  8  0  4  8  0  4  8  6  4  4  2  0  6  2  8 
62:  4 10  0  4  4  0  2 12  4  0  6 12  0  2  4  0 
63:  4  4  6  2  6  2  2  6  8  4  6  6  2  2  2  2 

S2:
     0  1  2  3  4  5  6  7  8  9 10 11 12 13 14 15 
 0: 64  0  0  0  0  0  0  0  0  0  0  0  0  0  0  0 
 1:  4 10  2  2  2  4  2  6  2  6  4 14  4  0  0  2 
 2:  0  0  0  2  0  6  2 10  0  4 12 10  6  4  4  4 
 3:  6  2  2  4  4  0  8  2  4  8  2  4  6  6  4  2 
 4:  0  0  0  4  0  2  4  6  0 10  6  4  6 10  8  4 
 5:  6  8  6  0  6  4  4  2  0  2  4  2  4  6  6  4 
 6:  0  6  8  6 10  0  4  6  2  6  0  4  8  4  0  0 
 7:  2  2  4  6 10  6  4  6  2  2 10  4  2  2  2  0 
 8:  0  0  0 12  0  4  4  4  0  8  4  8  4  0 12  4 
 9:  2  2 10  4  4  6  0  4  4  6  2  6  2  6  4  2 
10:  0  6  8  0 12  8  6  0  2  6  4  2  2  0  6  2 
11:  6  0  4  6  2  6  0  0  2  4  4  2  0  8 10 10 
12:  0  0  0  6  0 12  8  6  0 10  2  2  2  8  4  4 
13:  4  2  8  0  6  0  2  6  4  2  2  2 10  4  8  4 
14:  0  4  8  2  2  4  0  4  8  4  4  2  8  2  2 10 
15:  6  2  0  6  6  2  4 10  6  6  4  2  0  4  2  4 
16:  0  0  0  2  0  8  6  8  0  4  4  6  0 16  2  8 
17:  0  8  4  0  4  4 18  2  4  0  2  2  6  2  6  2 
18:  0  2  6  2  2  6  6  8  8  0  2  4  6  4  6  2 
19:  4  4  2  8  6  4  2  2  0  6  2  6 12  4  0  2 
20:  0  8  2  2  8  2  8  6  8  2  8  2  2  2  0  4 
21:  4  6  2  4  0  0  4  4 10  0  2  8  4  4  2 10 
22:  0 12  8  2  4  4  2  0  2  2  4  6  4  4  4  6 
23:  6  4  2  4  4  6  2  4  2  4  6  4  6  4  0  6 
24:  0  8  2  8  6  0  2  2  8  2  2  2  8  4  8  2 
25:  0  2  4  0  2  8  6  6 12  4  4  2  2  6  6  0 
26:  0  4  4  6  4  4  6  4 10  4  0  8  2  0  2  6 
27: 10  0  8  8  0  4  4  6  4  2  4  0  0  4  6  4 
28:  0  8  8 10 10  0  4  0  8  0 10  0  2  0  2  2 
29:  4 10  4  6  4  6  0  2  8  4  0  4  0  4  0  8 
30:  0  6 10  0  6  4  2  0  8  2  2  4  4  6  4  6 
31:  0  2  2  6  4  4  4  2  0  8 12  2  6  0  8  4 
32:  4  2  6  0  0  2  2  4  6  2  4  4 10  2 12  4 
33: 10  0  2  2  0  8  0 14  2 10  0  2  0  2  6  6 
34:  6  6  0  4  4  6  8  2  0  8  4  4  4  2  2  4 
35:  8  2  6  6  2  6  0  6  2  4  4  4  2  6  4  2 
36:  0  4  6  6  6 10  6 10  4  2  2  0  0  2  4  2 
37:  4  4  2  6  6  2  0  4  0 10  4  2  6  4  6  4 
38:  6  4  0  6  4  6  2  0  4  4  4  0  6 10  2  6 
39:  2  0  0  6 10  4  4  6  2  2  4  8 12  0  2  2 
40:  6  0  6  0  6  4  0  6  4  0  2 10  6  6  6  2 
41:  2  2  0  2  8  4  6  4  0 10  0  8  8  2  4  4 
42:  8  2  4  2  2  2  4  4  6  6  6  6  2  4  4  2 
43:  4  8 10  8  0  4  6  0  4  0  4  2  2  6  6  0 
44:  2  6  6  4  2  6  2  4  2 14  4  6  2  2  0  2 
45:  6  2 10  0  2  4  6  2  4  4 10  0  6  0  8  0 
46:  4  0  4 10  0  0 12  6  2  4  6  2  2  0  6  6 
47:  4  2  6  2  0  4  2  4  6  4  6  6  4  8  0  6 
48:  2 12  4 10  2  2  2  2  6  2  0  8  2  0  2  8 
49:  8  0  2  2  4  6  6  0 12  4  8  0  6  4  2  0 
50:  2  0  2  4 10  8  4  2  4  0  2 10 10  2  2  2 
51:  2  0  4  6  0  2  4  6  4  2  6  4  4  6  8  6 
52:  0  4  2  0  6  2  4  2 12  4  6  4  4  4  2  8 
53:  4 10  2  4  4  2  6  0  4  2  4  2  2  4  6  8 
54:  8  4  8  6  0  4  4  2  4  2 10  2  0  6  2  2 
55:  2 16  6  0  6  2  4  4  2  2  6  6  4  2  2  0 
56:  4 10 10  2  0  2  6  6  2  6  2  0  2  6  2  4 
57:  2  2  6  6  6  0 10  0  4  4  6  6  2  4  4  2 
58:  4  0  0  2  4  6  2 10  4  4  4  6  4  6  6  2 
59:  4 10  2  0  4  2  4  6  8  2  0  2  4  6  6  4 
60:  2  2  4  2 14  0  6  2  4  2  4  0  6  6  4  6 
61:  0  4  0 14  2  6  2  4  2  0  0  4  2  8  0 16 
62:  6  8  2  6  4  4  0  2  0  4  4  2  4  6  8  4 
63:  2  2  6  0 10  8  4  4  8  4  2  8  0  2  0  4 

S3:
     0  1  2  3  4  5  6  7  8  9 10 11 12 13 14 15 
 0: 64  0  0  0  0  0  0  0  0  0  0  0  0  0  0  0 
 1:  2  4  4  6  4  4 14  6  2  2  2  2  0  6  4  2 
 2:  0  0  0  8  0  2  2  8  0  4  4  8  4 10 10  4 
 3:  2  2  4  4  2  2  2  2  4  2  2  8  6  8 10  4 
 4:  0  0  0  6  0  0 12  2  0 10  4  4 10  4  6  6 
 5:  2  8  2  4  2  0  0  2  6  8  6  4  4  6  2  8 
 6:  0 14  2  4  8  4  0  8  8  0  8  0  2  0  0  6 
 7:  4  6  6  4  6  2  0  8  2  0  2  4  8  4  4  4 
 8:  0  0  0  4  0  6  4 10  0  2 10  8  6  6  4  4 
 9:  0  8  0  6  6  2  2  4  4  6 10  2  8  2  2  2 
10:  0 10  6  0  8  2  4  6  6  2  6  2  2  6  4  0 
11:  8  2  4  0 10  4  8  8  2  6  6  4  0  0  2  0 
12:  0  0  0  6  0 10  8  4  0  6  4  8  2 10  6  0 
13:  8  2  2  6  2  6  2  4  6  0  8  0  2  2  6  8 
14:  0  4  4  4  8  0  6  2 10  4  0  6  2  8  6  0 
15: 14  0  2  2  0  4  8  2  2  8  0  8  0  4  2  8 
16:  0  0  0  4  0 10  6  4  0 12  8  4  2  4  4  6 
17:  6  4  4  6  2  6  2  2  8  4  0  8  4  6  2  0 
18:  0  0  2  6  2  6  2  6  0  4  2  6  8  4 16  0 
19:  0  0  6  6  4  8  4  4  8  2  6  4  2  8  2  0 
20:  0  6  8  2  8  2  6  0  6 10  0  0  0  0  0 16 
21:  0  2 12  2  4  2  6  4  2  4  6  4  4  2  6  4 
22:  0  8 12  2  6  8  0  0  6  0  6  2  6  2  0  6 
23:  0  6  6  4 12  4  4  4  0  2  4  2  8  4  2  2 
24:  0  8  8  4 10  2  4  0  2  0  6  0 10  0  0 10 
25:  2  4  2  4  2  2  2  6  6 10  4  4  8  2  2  4 
26:  0 10  8  2  4  0  2  6  4  8  0  8  4  6  2  0 
27:  8  4  8  0  6  0  2  4  2  0  2  4  0  8  4 12 
28:  0  2  8 10  6  6  4  0 12  0  4  0  6  0  0  6 
29:  0  4  2  2  2 18  4  4  2  2  4  0  6  2  8  4 
30:  0  2  6  2  4  6  4  8 10  2  2  8  0  4  6  0 
31:  8  8  0  8  0  0  4  0  8  8  2  6  4  0  6  2 
32:  4  0  2  4  2  4  4  4  4  0  2  8 10  4  8  4 
33:  2  0  2  0  2  8  8  2  2  8 14  4  2  4  4  2 
34:  4  6  4  2  4  0  4  8  2  8  4 10  0  4  2  2 
35: 16  4  0  0  4  6  6  4  2  4  4  2  0  8  0  4 
36:  2  4  2  6  6  6  6  4  6  0  6  2  4  4  4  2 
37:  2  8  4  6  4 12  2  6  4  0  2  2  6  0  4  2 
38:  0  8  4  0  6  4  4  6  6  8  4  2  0  8  0  4 
39:  4  4  6  6  0  0  8  0  0  2  4  6  6  4  8  6 
40: 14  6  4  4  4  6  2  4  0  2  6  4  0  4  2  2 
41:  4 10  6  2  4  0  6  4  2  0  2  2  4  8  4  6 
42:  2  4  0  8  4  0  2  4  0  2  4  0 14  6 14  0 
43:  4  4  0  6  0  0  4  2 10  0 10 10  6  4  2  2 
44:  4  2  4  2  0  2  8  2  4 12  2  6  4  4  2  6 
45:  4  6  4  2  2  0  2  4  6  6  0 12  4  4  2  6 
46: 10  2  8  2  2 10  2  4  2  0 12  0  0  2  0  8 
47:  4  4  2  6  4  6  8  6  2  0  0  2  8  8  4  0 
48:  0  4  4  4  4  8  4  8  2  2  2  2  4  8  4  4 
49:  4  4  0 14  2  2  0  6  0  2  4  4  8  2 10  2 
50:  8  6 10  4  2  0  4  2 10  4  0  2  8  2  2  0 
51:  8  2  4  4  6  4  0  4  0  6  6  2  4  2  4  8 
52:  2  4  8 10  6  0  4  2 10  4  2  4  4  2  0  2 
53:  4  4  6  0  6  8  0  4  4  0  4  2  2  8  6  6 
54:  0  4  2  2  6  2  6  2  4  2  4  6  2  4  8 10 
55:  4  2  6  2  4  0  4  2  8 14  2  6  4  0  0  6 
56:  8  2  6  2  2  0  4  4  2  8  6  2  0  6  4  8 
57:  2  4  0  2 10  2  8  4  8  6  4  6  2  2  2  2 
58:  0  4  2  4  6  6  4  6  4  6  4  8  0  6  4  0 
59:  0  4  4  8  8  6  4  6  4  2  0  2  2  6  2  6 
60:  6  2  2  4  8  2  4  0  4  4  2  4 10  0  4  8 
61:  2  4 10  2  2  4  2  6  6 10  6  0  0  4  4  2 
62:  0  6  2  6  2 14  2  4  4  2  4  4  4  0  6  4 
63:  0  0 10  4  6  6  2  4  6  4  2  2  6  0  8  4 

S4:
     0  1  2  3  4  5  6  7  8  9 10 11 12 13 14 15 
 0: 64  0  0  0  0  0  0  0  0  0  0  0  0  0  0  0 
 1:  0  8  0  6  4  2  4  8  4  6 10  2  2  2  4  2 
 2:  0  0  0  2  0 12  6  4  0  2  4  4  8 10 10  2 
 3:  6  2  2  2  0  2 10  0  2  4  6  4 10  6  0  8 
 4:  0  0  0  6  0  4  6  4  0 12  6  4 10  6  2  4 
 5:  4  2  6  6  0  4  2  8  0  2  6  2  2  2 12  6 
 6:  0  8 10  6  2 10  2  2  4  2  6  0  2  0  2  8 
 7: 12  0  4  4  2  6  4  4  2  4  4  6  8  2  0  2 
 8:  0  0  0  4  0 10  8  6  0  6  4  2  6  6  6  6 
 9:  6  4  4  6 16  6  2  0  2  4  2  4  4  2  0  2 
10:  0  4  8  4  0  4  0  0 12 10  4  6  6  0  2  4 
11:  2  4  0  6  0  2 14  0  2  8  8  2  6  8  0  2 
12:  0  0  0  8  0  0 10  6  0  4 12  8  6  2  4  4 
13:  2  2  0  4  2  4  0  6  8 10  2  4  6  2  4  8 
14:  0  8  6  6  2  4  8  6  4  4  0  4  6  0  2  4 
15:  4  6  0  2  4 10 12  2  0  2  6  4  6  0  0  6 
16:  0  0  0  0  0  6 10  8  0  2  8 10  2  6  8  4 
17:  0 12  6  4  4  0  0  2  4  8  4  6  0  4  6  4 
18:  0  0  4  6  6  0  2 10  6  6  2  8  0 10  4  0 
19:  6  6  0  4 12  6  8 10  0  0  2  2  2  0  2  4 
20:  0 12  4  6  4  0  6  4  6  4  2  2  6  0  4  4 
21:  6  4  6  2 10  6  0  6  8  2  0  8  0  4  2  0 
22:  0  4  6  2 20  0  0  0  4  4  4  4  0  4  6  6 
23:  2  2  0  4  0  6  0  6  4  6  4  6  8  4 10  2 
24:  0  6  8  4  2  6  0  2 10  2  6  4  2  4  0  8 
25:  0  2  8  0  4  0  2  4  6  2  0  6  0  6 16  8 
26:  0  2 12  4 16  2  2  6  4  0  0  2  0  4  6  4 
27:  4  2  4 12  0  2  0  4  8  4  4  2  4 12  0  2 
28:  0 14  0  4  6  6  4  2  8  2  2  2  8  4  0  2 
29:  2  2 18  0  4  6  6  2  8  2  0  0  2  6  4  2 
30:  0  6  6  2  6  0  0  4  6  4  4  4  2  8  8  4 
31:  8  6  6  2  2  2  0  2  6  0  6  6  4  4  4  6 
32:  2  2  2  2  4  2  4  6  2  2 10  2  6  4 10  4 
33:  6  2  2  2  2  4  8  6  0  4  4  0  6 12  4  2 
34:  8  8  0  4  8  6  6  0  4  4  4  0  4  2  2  4 
35: 10  6  2  4  2  2  0  6  6  4  2 10  2  0  4  4 
36: 10  8  2  6  4  0  4  6  2  2  2  4  2  4  6  2 
37:  6  4  4  0  8  6  4  4  0  4  8  2  2  6  0  6 
38:  4  0  0  4  0  4  4  0  2  4  6  8  6 12  2  8 
39:  2  2 14  2  2  0  4  6  8  0  6  2  6  0  6  4 
40:  0  4  4  6  6  0  2  6  6  6  6  0  2 12  2  2 
41:  4  4  2  8  0  4  2  4  2 10  2  8  4  0  8  2 
42:  4  8  2  6  4  4  4  4  2  0  2  8  4  2  2  8 
43:  0  4  4  0  6 14  6  6  8  2  2  4  4  2  2  0 
44:  2 10  4  6  6  6  4  2  4  0  0  2  4  4  8  2 
45:  8  0  4  4  2  4  6  4  2  6 10  6  0  6  0  2 
46:  2  0 10  2  0  2 12  4  6  6  2  8  8  0  0  2 
47:  4  6  0  4  2  2  2  4  6  2  2  8  8  6  4  4 
48:  2  4  2  0  4  4  2 10  8  6  0  2  4  4  2 10 
49:  4  2  2 10  4  2 12  4  2  2  2  4  8  4  2  0 
50:  4  4  4 12  2  2  4  0  2  6 10  6  2  2  4  0 
51:  4  2  2  4  4  2  0  2  2  8 10  4  0  6 10  4 
52:  2  4  2  0  6  6  6  6  6  6  2  6  2  4  6  0 
53:  2  8  0  2  2  0  2  0  6  4  8  6  2  4  2 16 
54:  8  2  0  8  4  8  2  4  2  6  6  4  2  4  4  0 
55:  2  6  6  4 12  4  2  4  4  6  0  0  2  4  4  4 
56:  6  2 14  6  6  0  2  4  8  2  2  0  2  2  0  8 
57:  2  4  6  8  2 12  0  2  6  2  2  2 10  2  4  0 
58:  2  4  0  0  6  6  4  6  4  2 10  2  4  0 10  4 
59:  2  4  8  4  4  0  4  2  2  8  0  4  2  2 10  8 
60:  0  2 10  2  4  6  0  0  4  4  2 12  6  2  2  8 
61:  4  4  4  2  4  4 10  4  6  0  4  0  8  2  4  4 
62:  8  2  8  0  0  8  4  6  2  8  0  0  6  6  4  2 
63:  4  6  4  6  8  4  2  6  4  2  2  4  0  8  0  4 

S5:
     0  1  2  3  4  5  6  7  8  9 10 11 12 13 14 15 
 0: 64  0  0  0  0  0  0  0  0  0  0  0  0  0  0  0 
 1:  2  8  2  6  8  6  8  4  8  4  0  2  2  2  2  0 
 2:  0  0  0  4  0  4  4  8  0  6  4 10  4  6  8  6 
 3:  0  2  0  6  6  2  8  4  0  2 14  4  0  8  4  4 
 4:  0  0  0 12  0  0  8  4  0  4  6 10  2  2  8  8 
 5:  4  2  4  0  4  6  4  4  0  0  4 14  2  6  2  8 
 6:  0  8  4  2 10  4  2  2  8  2  0  4 10  2  2  4 
 7:  8  6  6  0  6  2  2  2  2  8  2  4  4  8  2  2 
 8:  0  0  0  6  0  4 14  4  0  0 10  4  6  6  6  4 
 9:  2  2 10  0  0  2  6 10 12  2  6  2  2  2  2  4 
10:  0 14  6  4  0  8  2  2  6  6  2  2  6  4  2  0 
11:  8 10  4  0  4  4  0  6  0  6  2  6  8  4  2  0 
12:  0  0  0 10  0 12  4  2  0  8  6  0  4 16  2  0 
13:  6  4  0  4  6  6  4  2  4  4  2  4  6  4  8  0 
14:  0  2  6  2  6  4 10  6  6  2  8  6  0  0  4  2 
15:  6  2  2 12  2  0  0  8  2  2  6  0  4  2 10  6 
16:  0  0  0  6  0  6  0 12  0  4  4  6 10  4 10  2 
17:  2  2  6 10  0  2  8  2  2  2  4  8  0  2  2 12 
18:  0 10  0  0  4  6  2  2  4  8  4  2  8  4  6  4 
19:  4  2  0  4  4  2  6  2 18  4  4  0  0  6  4  4 
20:  0  4  4  2  8  4  0  2  8  8  4  2  2  6  6  4 
21:  6  4  2  2  6  4  0  0 10  2  6  0 20  0  2  0 
22:  0  6 16  6  6  4  4  6  4  0  2  2  0  0  0  8 
23:  2  6  4  8  6  8  0 10  0  2  6  8  0  0  2  2 
24:  0  6  4  4 12  4  2  4  6  6  4  2  4  2  0  4 
25:  2  8  2  2  4  6  4  0  0  8  0  2  8  8  0 10 
26:  0  6 10  0  4  0  4  4  4  2  4  6  2  2  4 12 
27:  0  2  8  4  2  0  8  8  4  4  2  4  4  0 12  2 
28:  0  2  8  4  8  2  8  4  6  6  6  4  0  0  4  2 
29:  8  2 10  4  0  4  6  2  0  6  6  4  0  0  6  6 
30:  0  6  6  2  6  2  0  2 12  2  0  4  6 10  2  4 
31:  4  2  4  2  6 10  0  0  2  8  0  2  4 12  4  4 
32:  2  2  2  0  0  6  4  8  4  0 10  8  0  6  6  6 
33:  0  2  4  8  2  2 10  0  0  2  2  2  4  4 18  4 
34: 12  4  4  6 10  2  2  4  2  6  2  0  0  4  4  2 
35:  0 10  0  6  0 10  2  4 10  6  2  6  2  6  0  0 
36:  2 10  0  4 12  8  6  2  8  2  2  4  2  0  0  2 
37: 10  4  4  4  6 12  0  4  2  4  0  0  0 10  2  2 
38:  0  2  4  8  4  0  2  4  6  6 10  0  4  2 10  2 
39:  4  0 12  0  2  6  2  2  2  0  4  6  6  0 12  6 
40:  4 10  4  2  4  4  6  2  4  6  0  2  8  4  2  2 
41: 10  2  4  4  4  2  4  2  8  4  4  4  2  8  0  2 
42:  4  0  2  6  4  2  0  6  2  6  2  6  2  4  8 10 
43:  2  2  4  4  2  0 10  8  2  0  4 10  2  2  2 10 
44:  4  0 14  2  0  4  4  8  4  2  4 10  2  4  0  2 
45:  2  2  2 14  4  4  0  4  0  4  2  6  2  6  8  4 
46:  4  4  2  4  6  6  4  2  2  4  2  2  6  8  6  2 
47:  8  2  2  0 16  4  4  0 12  4  2  2  2  4  2  0 
48:  2 10  0  2  2  6  2  0  6  8  0  4  8  6  4  4 
49:  8  4  2  2  0  2  2  4  6 10  4  4  8  2  2  4 
50:  6  0  4  6  4  4 10  2  0  2 10  4  2  2  8  0 
51:  6  2 12  2  4  2 12  4  2  0  0  4  2  2  2  8 
52:  0  2 12  4  4  2 12  4  4  0  8  2  0  4  0  6 
53:  2  2  6  4  2  0  4 12  2  6  8  6  2  0  2  6 
54:  0  2  2  2  4  8  2  0  2 12  2  6  0 16  0  6 
55:  6  8  4  2  0  2  0  2  4  8  0  4 12  4  6  2 
56:  2  8  8  6  0  2  0  6  0  6  2  4  4  2  4 10 
57:  0  8  0  4  4  2  8 10  2  4 12  2  4  0  2  2 
58: 16  2  0  0  8  6  0  4 10  2  2  0  8  0  4  2 
59:  2  6  2  2  4  4  4  4  6  6  4  0  8  8  2  2 
60:  4  6  4  0  2  4  2  6  6  0  2  2 16  2  4  4 
61:  4  4  2  0 10  8  0  0  4  6  8  0  6  6  2  4 
62:  2  2  2 12  0  0  8  6  4  2  6 10  2  0  4  4 
63:  0  6  4  8  4  4  2  4  2  0  8  8  2  2  2  8 

S6:
     0  1  2  3  4  5  6  7  8  9 10 11 12 13 14 15 
 0: 64  0  0  0  0  0  0  0  0  0  0  0  0  0  0  0 
 1:  8  2  6  4 10  2  4  4  8  0  8  0  6  0  2  0 
 2:  0  0  0  0  0 14  6  4  0  4  0  4  6  8  8 10 
 3:  0  4  4  0  0  4  4  8  0  8  6  2  6  6  4  8 
 4:  0  0  0  4  0  4  8  8  0  8  8  8  2  6  2  6 
 5:  4  4  4  8  0  0  6  6  6  4  4  6  0 10  0  2 
 6:  0  2 10  2  8  2  2  2  8  4  6  4  8  0  2  4 
 7:  4  2  4  0  4  4 14  4  4  2  6  2  2  6  2  4 
 8:  0  0  0  4  0  0 10  2  0  6 14  4  6 12  2  4 
 9:  2  6  0  4  4  4  4  4  2  2  6  2  6  6 12  0 
10:  0 12  2  4 12  2  4  0  8  4  4  2  2  0  0  8 
11: 10 10  2  4  6  6  0  2  4  0  2  4  6  2  2  4 
12:  0  0  0  8  0  4  8  8  0  4  4  4  6 10  6  2 
13:  2  6  2  0  8  2  0  8  0  4  2  8  4  6  6  6 
14:  0 10  8 10  0  2  6  4  8  2  4  2  2  0  4  2 
15:  2  2  6  4  4  2  0  8  4  8  6  8  6  0  4  0 
16:  0  0  0  6  0  4  6  8  0  4  4 10  8  4  6  4 
17:  6  2  0  2  2  2  0  6  6  6  0  6  6  2  4 14 
18:  0  0  8  6  0 10  0  8  6  6  2  8  0  2  8  0 
19:  6  8  4 10  0 10  4  2  4  2  6  0  2  0  2  4 
20:  0 10  6  2  4  8  0  6  4  6  2  2  8  4  0  2 
21:  6  8  0  0  8  8  0  2  6  2  2  4  2  8  4  4 
22:  0  4 12  4  4  2  2  4  6  4  2  0  4  4 10  2 
23:  2  2  2  8  4  6  4  0 10  0  8  4  4  4  2  4 
24:  0 16  6  4  4  0  6  0  0  0  8  2  6  2  2  8 
25:  2  2 12  6  4  4  4  2  0  6  6  6  0  6  4  0 
26:  0  0  4  8 12  2  0  6  6  4  0  2  0  4  6 10 
27:  2  2  0  6  2  4  8  0  4  4  2  8  4  6  6  6 
28:  0  6  4  0  8  4  6  4  8  4  4  6  4  2  2  2 
29:  2  2 16  4  4  2  6  4  0  8  0  4  4  2  4  2 
30:  0  4  4  2 12  6  0  0 10  4  2  6  2  6  6  0 
31:  6  2  2  4  4  4  6  4  6  8  0  0  6  0  6  6 
32:  4  0  0 14  4  6  0  0  0  8  0  6  2  4  2 14 
33:  0  8  0  0  2  8  4 10  2 12  0  6  2  2  2  6 
34:  8  6  4  0  4  8  4  2  4  2  6  2  6  2  4  2 
35:  8  4  8  2 10  6  4  2  2  6  6  0  2  2  0  2 
36:  0  0  4  6 10  2  6  0  8  0  4  2  4  0  8 10 
37:  2  0  2  4  6  0  4  2  8  2  2  4  6  4 10  8 
38:  4  8  4  8  2  0  6  8  4  4  2  6  0  2  2  4 
39:  2  4  6 10  2  2  4  2  4 12  2  0  2  8  2  2 
40: 10  6  0  8  6  8  2  0  6  8  2  0  0  4  2  2 
41:  6  8  6  8  4  6  0  2  6  2  2  6  2  2  2  2 
42:  2  4  0  0  4  4  4 10  8  4  2  4  6  4  6  2 
43:  2  2  2  2  6  0  4  2  2  2  4  4  4  6  8 14 
44:  0  0 10 10  2  6  4  0  4  8  4  0  4  4  8  0 
45:  4  4 12  2  2  4  4  4  8  0  2  4  2  4  6  2 
46:  0  4  6  2  0  6  2  4  2  2  4  8 10  4  8  2 
47:  4  2  0  0  8  6  4  8  4  4  6  8  0  0  6  4 
48:  6  4  6  0  4  2  4  6  2  8  8  2  2  0  4  6 
49:  6  2  4  6  4  0  2  4  4  2 12  4  4  2  4  4 
50:  2  2  4  2  6  0 10  6  4  4  6  4  6  4  2  2 
51:  4  2  2  4  0  8  2  2  0  2  6  4 14  2  8  4 
52:  2  8  8  6  4  2  2  4 10  2  4  0  6  2  0  4 
53:  8  4  6  6  6  0  2  8  6  0  2  4  2  2  4  4 
54:  2  8  2  0  2  4  4  2  4  4  2  2  6 18  2  2 
55:  2  4  0  0  2  8  6  6  6  4  6  6  4  2  2  6 
56:  4  0  0  2  4  4  6  4  0  2  8  4  6  4  8  8 
57:  2  4  2  6  6  2  8  6  6  4  6  2  0  8  2  0 
58: 12  6  2  2  4  0  6  4  0  0  8 14  0  2  0  4 
59:  4  6  4  4  4  6  8  4  6  2  4  2  4  0  2  4 
60:  2  2  8  2  6 10  0  6  2  8  2  2  4  6  4  0 
61:  4  6  4  0  2  4  4  0  0  6  2  2  6 16  6  2 
62:  6  6  6  2  2  2  4  8  6  0  2  8  2  4  4  2 
63:  6  4  6 10  0  4  4  2  0  4  2  8 10  4  0  0 

S7:
     0  1  2  3  4  5  6  7  8  9 10 11 12 13 14 15 
 0: 64  0  0  0  0  0  0  0  0  0  0  0  0  0  0  0 
 1:  0  4  2  8  2  2  8  2  0  8  2  8 10  2  0  6 
 2:  0  0  0  4  0 12  2  2  0  6  2  4 12 10  4  6 
 3:  6  6  2  2  4  4  4  4  2  2  8  4  8  0  6  2 
 4:  0  0  0  6  0  2  2 10  0  8 10  8  4  6  8  0 
 5:  2  4  2  2  2  8 12  0  6  0 10  2  4  2  6  2 
 6:  0  2 10  2  6  2 10  8  0  4  4  2  4  2  6  2 
 7:  6  4  2  4  0  6  4  2  4  6  2  8  0  6  2  8 
 8:  0  0  0  8  0  6  0 10  0  6  4  6  6  2  2 14 
 9:  6  0  4 16  4  4  6  0  8  2  2  2  6  2  0  2 
10:  0  0 18  2  6  4  2  0  2  6  6  6  6  0  0  6 
11:  4  2  0  6  4  0  8  4  4  6  2  0  2  6  8  8 
12:  0  0  0  2  0  8 10  4  0  6  2  6  8  6 12  0 
13:  4  0  4  2  6  8  0  4  2 10  4  2  2  8  2  6 
14:  0  6  8  4  0 10  2  2 10  8  0  4  4  2  4  0 
15:  8  8  4  4  6  4  2  4  2  2  6  2  4  2  4  2 
16:  0  0  0  4  0  0  8  8  0  2  8 10  2  8  6  8 
17:  6  2  8  0  6  4  4  6  6  4  2  4  4  4  4  0 
18:  0  2  4 10  8  2 10  4  4  2  6  4  2  4  2  0 
19:  2 10  6  2  4  0  0 12  2  2  0  8  6  2  0  8 
20:  0 10  4  2 12  2  4  6  4  0  4  0  4  8  4  0 
21:  4  8  2  6  2  8  0  6  4  0  0  4  2  8  6  4 
22:  0 14  2  4  6  0  0  2  8 10  6  4  0  6  2  0 
23:  2  2 12  0  4  4  4  0  8  2  4  6  6  8  0  2 
24:  0 10  2  2  8  0  6  0 14  6  6  0  2  0  2  6 
25:  4  2  0  6  0  6  0  2  6 10  4  8  2  6  4  4 
26:  0  4  4  2 10  8  0  4  4  0  0  2  6  4  0 16 
27:  4  2  2  4 12  4  6  2  4  2  4  2  6  2  6  2 
28:  0 12  6  8  4  6  2  2  6  0  2  6  2  6  2  0 
29:  6  0 10  0  6  0  6  8  4  2  4  2  2  0 10  4 
30:  0  4  6  4  4  2  6  2 12  0  4  2  2  0 10  6 
31:  0 10  4  2  2  2  0  8  2  6 10  2  0  6  6  4 
32:  6  0  0 10  4  6  2  4  0  6  8  2  4  2  4  6 
33:  2  6  2  2  4 16  4  0  4  6  2  0 12  2  2  0 
34:  6  2  6  0  4  8  6  0  0 12  4  2  4  0  6  4 
35:  4  0  2  2  0 10  2  0  6  6  0  4  6 12  4  6 
36: 10  0  4 10  6  0  2  4  6  2  2  2  4  4  2  6 
37:  4  4  8  6  0  0  2  0  2  6  8 10  8  0  0  6 
38:  0  2  4 12  2  8  4  4  4  4  0  2  6  6  4  2 
39:  2  2  6  4  2  4 10 10  4  2  2  2  0  0  2 12 
40:  4  2  2  0  4  6 12  6  2  4  6  4  4  2  2  4 
41:  4  4  0  2  2  4 10 10  0  6  8  0  4  0  4  6 
42:  2  6  4  2  0  8  4  2  4  4 10  8  0  4  4  2 
43:  2  4  4  8  2  0  4  4  6  4 10  2  6  0  6  2 
44:  6 10  2  2  0  0  0  4  6  4  2  4 10  4  2  8 
45:  4  0  4  8  6  4  2  4  2  2  6  6  6  4  2  4 
46:  6  2  6  0  4  4  6  4  2  4  4  4  8  2  4  4 
47: 14  8  2  4  4  6  2  0  4  4  0  4  2  2  8  0 
48:  0  4  6  4  6  4  0  4  4  6  6  2  6  6  4  2 
49:  0  4  2  6  2  2  8  8  0  0  0  4  0  4 16  8 
50:  2  2  6  4  6  4  4  4  6  6  2  4  0  2 10  2 
51:  6  4 18  4  0  2  2  0 10  2  2 10  0  0  2  2 
52:  6  4  6  2  6  4  4  4  6  6  2  4  0  4  2  4 
53:  6  6  4  0 14  2  4  4  0  2  2  4  4  6  2  4 
54:  6  2  0  2  6  2  2  4 10  2  4  2  0  8 12  2 
55:  0 10  2  0  6  4  4  2 10  4  0  6  6  4  0  6 
56:  0  6  4  4  4  4  8  2  2  2  2  4 10  8  2  2 
57:  8  6  2  0  4  0  2  2  4  8 12  0  2  8  2  4 
58:  8 14  0  4  4  0  4  2  6  0  2  6  0  4  4  6 
59:  2  4  6  8  6 10  0  8  2  4  6  0  2  6  0  0 
60:  0  6  8  4  2  0  4  8  2  2  8  6  6  2  2  4 
61:  4  2  2  8  8  0  0  8  8  6  6  4  0  8  0  0 
62:  2  2  6  4  6  6  2  8  4  0  2  8  2  6  0  6 
63:  2  0  0  2  4  0  8  4  2  2  0  8  6  8 14  4 