001001001010000010
001001001010000011
001001001010000110
001001001010000111
001001001010001010
001001001010001011
001001001010001110
001001001010001111
001001001010010010
001001001010010011
001001001010010110
001001001010010111
001001001010011010
001001001010011011
001001001010011110
001001001010011111
001001001010100010
001001001010100011
001001001010100110
001001001010100111
001001001010101010
001001001010101011
001001001010101110
001001001010101111
001001001010110010
001001001010110011
001001001010110110
001001001010110111
001001001010111010
001001001010111011
001001001010111110
001001001010111111
001001001011000010
001001001011000011
001001001011000110
001001001011000111
001001001011001010
001001001011001011
001001001011001110
001001001011001111
001001001011010010
001001001011010011
001001001011010110
001001001011010111
001001001011011010
001001001011011011
001001001011011110
001001001011011111
001001001011100010
001001001011100011
001001001011100110
001001001011100111
001001001011101010
001001001011101011
001001001011101110
001001001011101111
001001001011110010
001001001011110011
001001001011110110
001001001011110111
001001001011111010
001001001011111011
001001001011111110
001001001011111111
001001011010000010
001001011010000011
001001011010000110
001001011010000111
001001011010001010
001001011010001011
001001011010001110
001001011010001111
001001011010010010
001001011010010011
001001011010010110
001001011010010111
001001011010011010
001001011010011011
001001011010011110
001001011010011111
001001011010100010
001001011010100011
001001011010100110
001001011010100111
001001011010101010
001001011010101011
001001011010101110
001001011010101111
001001011010110010
001001011010110011
001001011010110110
001001011010110111
001001011010111010
001001011010111011
001001011010111110
001001011010111111
001001011011000010
001001011011000011
001001011011000110
001001011011000111
001001011011001010
001001011011001011
001001011011001110
001001011011001111
001001011011010010
001001011011010011
001001011011010110
001001011011010111
001001011011011010
001001011011011011
001001011011011110
001001011011011111
001001011011100010
001001011011100011
001001011011100110
001001011011100111
001001011011101010
001001011011101011
001001011011101110
001001011011101111
001001011011110010
001001011011110011
001001011011110110
001001011011110111
001001011011111010
001001011011111011
001001011011111110
001001011011111111
001011001010000010
001011001010000011
001011001010000110
001011001010000111
001011001010001010
001011001010001011
001011001010001110
001011001010001111
001011001010010010
001011001010010011
001011001010010110
001011001010010111
001011001010011010
001011001010011011
001011001010011110
001011001010011111
001011001010100010
001011001010100011
001011001010100110
001011001010100111
001011001010101010
001011001010101011
001011001010101110
001011001010101111
001011001010110010
001011001010110011
001011001010110110
001011001010110111
001011001010111010
001011001010111011
001011001010111110
001011001010111111
001011001011000010
001011001011000011
001011001011000110
001011001011000111
001011001011001010
001011001011001011
001011001011001110
001011001011001111
001011001011010010
001011001011010011
001011001011010110
001011001011010111
001011001011011010
001011001011011011
001011001011011110
001011001011011111
001011001011100010
001011001011100011
001011001011100110
001011001011100111
001011001011101010
001011001011101011
001011001011101110
001011001011101111
001011001011110010
001011001011110011
001011001011110110
001011001011110111
001011001011111010
001011001011111011
001011001011111110
001011001011111111
001011011010000010
001011011010000011
001011011010000110
001011011010000111
001011011010001010
001011011010001011
001011011010001110
001011011010001111
001011011010010010
001011011010010011
001011011010010110
001011011010010111
001011011010011010
001011011010011011
001011011010011110
001011011010011111
001011011010100010
001011011010100011
001011011010100110
001011011010100111
001011011010101010
001011011010101011
001011011010101110
001011011010101111
001011011010110010
001011011010110011
001011011010110110
001011011010110111
001011011010111010
001011011010111011
001011011010111110
001011011010111111
001011011011000010
001011011011000011
001011011011000110
001011011011000111
001011011011001010
001011011011001011
001011011011001110
001011011011001111
001011011011010010
001011011011010011
001011011011010110
001011011011010111
001011011011011010
001011011011011011
001011011011011110
001011011011011111
001011011011100010
001011011011100011
001011011011100110
001011011011100111
001011011011101010
001011011011101011
001011011011101110
001011011011101111
001011011011110010
001011011011110011
001011011011110110
001011011011110111
001011011011111010
001011011011111011
001011011011111110
001011011011111111
011001001010000010
011001001010000011
011001001010000110
011001001010000111
011001001010001010
011001001010001011
011001001010001110
011001001010001111
011001001010010010
011001001010010011
011001001010010110
011001001010010111
011001001010011010
011001001010011011
011001001010011110
011001001010011111
011001001010100010
011001001010100011
011001001010100110
011001001010100111
011001001010101010
011001001010101011
011001001010101110
011001001010101111
011001001010110010
011001001010110011
011001001010110110
011001001010110111
011001001010111010
011001001010111011
011001001010111110
011001001010111111
011001001011000010
011001001011000011
011001001011000110
011001001011000111
011001001011001010
011001001011001011
011001001011001110
011001001011001111
011001001011010010
011001001011010011
011001001011010110
011001001011010111
011001001011011010
011001001011011011
011001001011011110
011001001011011111
011001001011100010
011001001011100011
011001001011100110
011001001011100111
011001001011101010
011001001011101011
011001001011101110
011001001011101111
011001001011110010
011001001011110011
011001001011110110
011001001011110111
011001001011111010
011001001011111011
011001001011111110
011001001011111111
011001011010000010
011001011010000011
011001011010000110
011001011010000111
011001011010001010
011001011010001011
011001011010001110
011001011010001111
011001011010010010
011001011010010011
011001011010010110
011001011010010111
011001011010011010
011001011010011011
011001011010011110
011001011010011111
011001011010100010
011001011010100011
011001011010100110
011001011010100111
011001011010101010
011001011010101011
011001011010101110
011001011010101111
011001011010110010
011001011010110011
011001011010110110
011001011010110111
011001011010111010
011001011010111011
011001011010111110
011001011010111111
011001011011000010
011001011011000011
011001011011000110
011001011011000111
011001011011001010
011001011011001011
011001011011001110
011001011011001111
011001011011010010
011001011011010011
011001011011010110
011001011011010111
011001011011011010
011001011011011011
011001011011011110
011001011011011111
011001011011100010
011001011011100011
011001011011100110
011001011011100111
011001011011101010
011001011011101011
011001011011101110
011001011011101111
011001011011110010
011001011011110011
011001011011110110
011001011011110111
011001011011111010
011001011011111011
011001011011111110
011001011011111111
011011001010000010
011011001010000011
011011001010000110
011011001010000111
011011001010001010
011011001010001011
011011001010001110
011011001010001111
011011001010010010
011011001010010011
011011001010010110
011011001010010111
011011001010011010
011011001010011011
011011001010011110
011011001010011111
011011001010100010
011011001010100011
011011001010100110
011011001010100111
011011001010101010
011011001010101011
011011001010101110
011011001010101111
011011001010110010
011011001010110011
011011001010110110
011011001010110111
011011001010111010
011011001010111011
011011001010111110
011011001010111111
011011001011000010
011011001011000011
011011001011000110
011011001011000111
011011001011001010
011011001011001011
011011001011001110
011011001011001111
011011001011010010
011011001011010011
011011001011010110
011011001011010111
011011001011011010
011011001011011011
011011001011011110
011011001011011111
011011001011100010
011011001011100011
011011001011100110
011011001011100111
011011001011101010
011011001011101011
011011001011101110
011011001011101111
011011001011110010
011011001011110011
011011001011110110
011011001011110111
011011001011111010
011011001011111011
011011001011111110
011011001011111111
011011011010000010
011011011010000011
011011011010000110
011011011010000111
011011011010001010
011011011010001011
011011011010001110
011011011010001111
011011011010010010
011011011010010011
011011011010010110
011011011010010111
011011011010011010
011011011010011011
011011011010011110
011011011010011111
011011011010100010
011011011010100011
011011011010100110
011011011010100111
011011011010101010
011011011010101011
011011011010101110
011011011010101111
011011011010110010
011011011010110011
011011011010110110
011011011010110111
011011011010111010
011011011010111011
011011011010111110
011011011010111111
011011011011000010
011011011011000011
011011011011000110
011011011011000111
011011011011001010
011011011011001011
011011011011001110
011011011011001111
011011011011010010
011011011011010011
011011011011010110
011011011011010111
011011011011011010
011011011011011011
011011011011011110
011011011011011111
011011011011100010
011011011011100011
011011011011100110
011011011011100111
011011011011101010
011011011011101011
011011011011101110
011011011011101111
011011011011110010
011011011011110011
011011011011110110
011011011011110111
011011011011111010
011011011011111011
011011011011111110
011011011011111111
